id,date,tweet
1311447896567345153,2020-09-30 23:28:38+00:00,언니는 다 좋은데 이혼한 애비 신천지인거 다 알면서 옛정때문에 할머니집 계속 가고 싶어하는거 보면 무슨 마더테레사인줄 무조건적인 사랑 이런거냐
1336163620833529856,2020-12-08 04:20:06+00:00,요즘 코로나 때문에 헬스도 못하니 뱃살 다시 나오는 듯ㅠㅠ 그래서 식단 관리라도 하려고 단백질쉐이크 챙겨 먹고 있는데 이거 진짜 괜찮네요. 포만감이 오래가서 자기 전까지 안배고픔;; 물이랑도 잘 섞이고 맛도 존맛ㅋㅋ 지금 세일하니까 필요한 사람 ㄱㄱ
1311370359262769153,2020-09-30 18:20:32+00:00,김려욱 자기 여친 신천지인지 모를까? 정말? 팬들이 알아낼 정도면 걔도 알아. 그냥 쟤가 신천지여도 지 여친이 좋다는데 뭘 어쩌겠어 김려욱은 탈퇴나하고 여친이랑 꽁냥대면서 살아라 원래 빈수레가 요란하댔는데 려욱이는 수레가 돈으로 가득차있어서 좋겠네 ㅎ
1311365635306172416,2020-09-30 18:01:46+00:00,"#려욱버블
려욱아...나는 너의 그친구가 급이낮아도 너의선택이니까 존중할수있어.
근데 신천지는 좀 아니지않아?
신천지만 아니었어도 내가 실망을 좀 덜했을텐데..
똑똑한 애니까 잘 알거라믿어 신천지가 어느곳인지
우리 현명한 선택을하자
이건 사람이 착하고 나쁘고의 문제가 아냐......."
1311343174137163777,2020-09-30 16:32:30+00:00,"#려욱버블 #려욱
팬과의 소통창구를 비트윈으로 이용하며 팬과의 의를 저버리고 부모님과 부모님 집을 방패로 이용하며 부모에게 효를 저버리고 뮤지컬하는 인간이 신천지를 사귀면서 직업에 충마저 저버렸네 려욱아 니가 이러고도 유교맨이니?"
1311327587478638594,2020-09-30 15:30:34+00:00,"싸이 흠뻑쇼 를 한다고 하는데 개인적으로 이 방송이 예전방송을 보여주는것이지만 싸이가 쉽게 나올꺼라 생각을 못했다. 2-3월에 신천지 교회가 문제됬을때, 싸이 장인에 대한 문제가 제기 되었기 때문이다. 싸이 장인이 신천지 교회 전신인 대한기독교장막성전을 이끈 교주였기 대문이다."
1311323251084197889,2020-09-30 15:13:20+00:00,아니 근데 여친이 신천지라도 여친이 너무 아까워 저렇게 예쁜 애가 왜 저런앨 만나냐 시발 김려욱 존나 부러워 시발!!!!
1311313600363913217,2020-09-30 14:35:00+00:00,"RT
대만은 거기다가, 신천지도 없고, 개신교도도 그렇게 많지 않음."
1311309125926543362,2020-09-30 14:17:13+00:00,진짜 나훈아가 자신을 재림예수라 했으면 신천지따위는 비교도 안되는 종교하나 만들었겠다
1311298855078473731,2020-09-30 13:36:24+00:00,뭐? 혹시 그 사람들이 너한테 대학 동아리 설문조사라고 하면서 접근했어? 나는 신천지 한 번 걸리면 20분은 잡혀있는데 차영주 나보다 용감하네
1311283629838929920,2020-09-30 12:35:54+00:00,헉 안돼 여자분이 신천지면 어떡해
1311283141672185856,2020-09-30 12:33:58+00:00,신천지라고하는데.... 그건 왜 안 좋은거죠?
1311280726935965696,2020-09-30 12:24:22+00:00,야 신천지 수장이 나훈아 아닌걸 감사히 여겨
1311276624780734464,2020-09-30 12:08:04+00:00,"개빡치는점
1. 신천지
2. 동거 
3. 기만(버블)
해명부탁드립니다....
+아직 널 못놨다는것도 화가난다"
1311274902993862658,2020-09-30 12:01:13+00:00,확진자 나오는 속도가 심상치 않다. 신천지 이후 급속도로 확산 되는 느낌
1311272886640865285,2020-09-30 11:53:13+00:00,려욱오빠 여친분이 신천지가 아니여서 다행이네... 연애는 잘못된게 아니니...좋은 사랑하시길 바랄게요🙏💙축하해 오빠..💙!!
1311265255440306183,2020-09-30 11:22:53+00:00,려우가 신천지에 빠진거 니잘못 아니니까 제발.....
1311262240922689536,2020-09-30 11:10:54+00:00,"종교 단체 신천지 년들 중에서 나에게 잘하겠다고 하는 년들의 어떠한 봉사나 헌신 내지는 어떠한 섹슈얼한 것도 받지 않겠다.
음란,음탕,발정,환장과 관련한 그 어떠한 것도 종교 단체 신천지를 통해서 받지 않겠다."
1311251532109606918,2020-09-30 10:28:21+00:00,"#려욱 #려욱버블 
신천지는 진짜 아니지 않아?? ㅋㅋㅋㅋㅋㅋㅋㅋㅋㅋㅋㅋㅋ 진짜 연애할거면 잘난 여자 찾아서 잘좀 해보지 신천지가 뭐냐..신천지가.."
1311245686877290497,2020-09-30 10:05:08+00:00,내 폰번 뒷자리 그분 여자친구 신천지래
1311243676329279488,2020-09-30 09:57:08+00:00,제가 글을 올릴때 신천지 보라고 올릴때가 있습니다.
1311242559235092482,2020-09-30 09:52:42+00:00,그간 적지 않은 경험속에 일단 내가 고시원에 와서 좀 시간이 지나면 주인부터 총무와 함께 거주한 동료들까지 신천지가 작업하여 놓고 고시원 안에서 신천지가 나에게 무슨짓을 하여도 별문제가 되지않도록 완전 셋팅하여 놓는다.
1311239176348557318,2020-09-30 09:39:15+00:00,신천지가 나에게 어린 아이가 눈가리고 아웅하는 행동을 계속 하고 있네요.
1311235641707884544,2020-09-30 09:25:13+00:00,전쟁에 있어 확실히 병사는 소모품입니다. 허나 나라의 기본이 되는 백성을 가볍게 여기는 국가는 머지않아 결국은 망하겠지요. 신천지를 손에 넣어도 씨앗을 잃어서는 번영 같은 걸 꿈꿀 수 있겠습니까?
1311234531404345350,2020-09-30 09:20:48+00:00,이문제에 직접이든 간접이든 연루된 사람들은 한결같은 똑 같은 특징이 하나가 있다면 본인들의 말만 늘어놓고 나의 애기를 듣지 않으려 한다는것 신천지가 입에 넣어준 말만 한다는것 12년이 넘도록 듣고보고 경험한것이다.
1311225237950717952,2020-09-30 08:43:52+00:00,쉴드칠걸 쳐야지 신천지를 쉴드치냐ㅋㅋㅋ존나 쳐웃겨ㅋㅋㅋ
1311224909146677248,2020-09-30 08:42:34+00:00,근데 려욱아 신천지여친이랑 한강가서 돗자리데이트하면서 콘서트는왜 온라인으로했냐ㅠ 의미가있냐ㅠ
1311224066838151168,2020-09-30 08:39:13+00:00,여친 때문에 신천지로 개종한 아이돌이 있다...? 사실이면 호러인데
1311221706262896640,2020-09-30 08:29:50+00:00,"#슈퍼주니어 #이특 #희철 #예성 #신동 #은혁 #동해 #시원 #규현
슈주 전부 들어라..너네가 진정 김려욱을 아낀다면..이번 연휴 내내 김려욱 매달아놓고 패서라도 정신 차리게 해라 애가 지금 신천지에 홀려서 눈이 멀고 인생을 갖다바치려 하잖아 사랑하는 동생, 친구 아니냐? 사람 하나 살려라 제발.."
1311218996532838400,2020-09-30 08:19:04+00:00,근데 지금 믿는사람들은... 또다시 눈막귀막하는건가요 뭔가요.. 지지는 이해하는데 그냥 신천지 아니구나 하라는건 뭐야 궁금해서..
1311217312934944769,2020-09-30 08:12:23+00:00,"왜, 누가 코로롱을 신천지에 뿌렸대?ㅋㅋㅋㅋ
차라리 무교라하지 미친.. 기독이 천지티비 보고 왜나가 ㅋㅋㅋㅋ"
1311216479296077826,2020-09-30 08:09:04+00:00,난지금 저언니가 신천지라는게 제일 충격임
1311215228978298880,2020-09-30 08:04:06+00:00,내가 ^^ 신천지래^^ ㅋㅋㅋㅋㅋ 재밌네
1311205730087661568,2020-09-30 07:26:21+00:00,하 진짜 신천지가 진짜 싫얺는데 사랑제일교회 복수를 다지게 만드는구나 감히 내 인생장르 극장판을 망쳐!!?
1311192085790244864,2020-09-30 06:32:08+00:00,"근접샷안주면너네는진짜
신천지잉베사탄이시고요"
1311186773238661122,2020-09-30 06:11:02+00:00,헉 ㅋㅋㅋㅋ 집근처 상가에 입점해있던 신천지교회 없어지고 그자리에 신천지 열심히 까는 다른 사이비교회 들어옴ㅋㅋㅋㅋ 원래있던 애들 어케 밀어버리고 들어왔나?? 웃기다
1311180465475260416,2020-09-30 05:45:58+00:00,ㅋㅋ 옛날에 신촌에서 일행기다리는데 어떤 남자가 손씻다말고 내가너무 캐릭터성이 뚜렷해서 나 참고로 캐디하고싶은데 시간있냐고 물어봤던거 생각난다.. 신천지인줄알고 도망갔었는데
1311176561391931392,2020-09-30 05:30:27+00:00,트위터신천지치면 우리판얘기존나만음 ㅋㅋㅋㅋ
1311169509063942144,2020-09-30 05:02:25+00:00,본인입으로신천지랬으면... 이ㅈ같은 코로롱도 이렇게되진 않앗을텐데
1311161753317683200,2020-09-30 04:31:36+00:00,아리 쟤는 언제부터 신천지엿지
1311161282939109376,2020-09-30 04:29:44+00:00,진짜 신천지고 포섭당한거면 존나불쌍한거고... 그래도 잘못한건 몇개있지만
1311161080605888512,2020-09-30 04:28:56+00:00,아근데 잇자나 만약에 아리가 진짜 신천지라 쳐 근ㅕ욱이가 포섭당한거라 하면 려욱이도 피해잔건데 그걸 왜 려욱이가 해명해 ....? 그리고 해명해도 아리가 해명해야되는거 아녀? 여친종교까지 해명해야하나...? 그냥 갑자기 든 생각
1311160839316135937,2020-09-30 04:27:58+00:00,"신천지는종교가아니지.... 이만히개새끼한번해봐,, 그냥 그미친놈한테홀려서 돈갖다바치는인생나락으로떨어지는지름길;;"
1311158083683450881,2020-09-30 04:17:01+00:00,"진짜 손절하고싶다신천지... 아직기회있다제발려욱아,,;;;;;"
1311155831858106368,2020-09-30 04:08:05+00:00,부모도 속이는 마당에 무슨 신천지가 자기가 신천지 입니다 하고 다니나
1311144280132472832,2020-09-30 03:22:10+00:00,신천지 신도가 '저 신천지예요~'하고 다니겠냐? 걔들은 즈그 종교 떳떳치 못하다는 거 누구보다 잘 앎 그래서 지 신분 숨기는 데에 급급하고 포교할 때도 은근하게 파고들어 정신부터 하나하나 새로 개조함 쉽게쉽게 가려고 최대한 비실하고 만만해 보이는놈 위주로 셀렉하는데 그게 너였나보다 려욱아
1311142750490771456,2020-09-30 03:16:06+00:00,"시장왔는데 시장입구에 머리부터 발끝까지 흰색옷으로 입은 신천지 아줌마랑 아들이 확성기들고 꽤가개객ㄱ꽥 함
경찰와서 한 30분 실랑이하는데 안되니까 수갑채워서 강제 연행하구 감
가는와중에 아줌마 팔뿌러졌어!!!팔!!!하는데 경찰아져띠가 뿌러지든 말든요! 연행이 더 중요해!! 하고 데려가심"
1311142165058207744,2020-09-30 03:13:46+00:00,제발 신천지존나노답임 시발제발료
1311141449690304512,2020-09-30 03:10:56+00:00,"나도...판에서 뉴비인데..ㅋㅋ
열애는 뭐.. 15년차인데 충분히 그럴 수 있음....

근데 우리...짚고 넘어갈껀 다 짚고 넘어가자ㅠ 신천지는 본인이 아니라 했으니까 그렇다쳐도 카페는 좀 짚자...구라만치지말아줘"
1311130876634255360,2020-09-30 02:28:55+00:00,여친이 어뜨케 신천지야~~~?~?? 애인이신천지일수가 있나~~?~?~?~? 진심 특이 이력이다ㅋㅋㅋㅋㅋ
1311126689666064384,2020-09-30 02:12:17+00:00,천쥬교가어떻게신천지를만나요.. 신천지인지모르거나 자기가 포교됐거나... 아니면 다 알고도 꼬박꼬박 다해줄만큼사랑하거나..ㅋㅋ
1311126248093937664,2020-09-30 02:10:31+00:00,신천지랑동거는.... 포교가능성 개높은데 ㅅㅂ...
1311110518141145093,2020-09-30 01:08:01+00:00,광복절 집회로 개신교가 욕바가지를 뒤집어쓰는 틈을 타고 신천지 계정들이 슬금슬금 다시 나오는데..... 니들이 일상계처럼 꾸미려고 아무리 용을 써도 다 티난다. 진성 트잉여가 만만해 보이나봐.
1311083796515532800,2020-09-29 23:21:50+00:00,"신천지의 하나님, 하나님의 무한한 사랑과 은혜를 감사합니다. 영원히 영광과 찬송과 감사와 존귀를 받으옵소서. 사랑하는 자녀들의 영과 육을 강건하게 하시고, 명절 연휴에도 만사형통케 하소서. 아버지의 영광을 나타내는 시간이 되게 하소서. 할렐루야~"
1311083730165932032,2020-09-29 23:21:34+00:00,"신천지가 방역 방해 활동에 명백한 고의성이 없는 상황에서 내년이면 90세가 되는 연세이신 분을 수감하고 구치소 생활을 하게 한다는 것은 비인도적이며 비인격적인, 가장 인권이 탄압받는 국가라는 오명이 불가피하지 않겠는가 !!!"
1311022742129405952,2020-09-29 19:19:14+00:00,"시발신천지여친만나서번돈다갖다바치게생김,,, 시발 구오빠는 누구든 그냥신천지 만난다면 손절인데요.. 진심 충고야 오빠 제발 헤어져 확실히 끊은거아니면"
1310988258956910592,2020-09-29 17:02:12+00:00,"나사실죽는거무서워아니다죽는건괘낯ㅎ능네그다음이무서워나종교있거든자살하며닞옥가
나천국가소피어나사이비아니야신천지아니라다"
1310987694630006784,2020-09-29 16:59:58+00:00,신천지건 뭐건 그건 저 분 사정이니 내 알 바는 아니지. 근데 려욱아 령구야 려욱오빠 우리는 대화가 필요하지 않을까. 저 분 얘기 말고 당신과 우리의 얘기 말이야. 우리 이미 비슷한 일을 겪어봤잖니. 어떤 일이 있었고 지금 어떤 상태인지도 알고 있잖아 다시 반복하긴 싫어 #려욱버블
1310987679819943936,2020-09-29 16:59:54+00:00,헐 신천지
1310984988590895104,2020-09-29 16:49:12+00:00,구오빠 열애 상대 신천지라 난리남ㅠ 나이도 있는 양반인데 연애하면서 동거? 뭐 가능ㅇㅇ 옆동네는 애까지 낳았으니. 근데 신천지는 에바ㅠ
1310981725028143105,2020-09-29 16:36:14+00:00,몰라 난 별로 그렇게까지 연애에 크게 실망하지도 놀랍지도 않음..ㅇㅇ 근데 신천지는 좀 아니지 않니?
1310981253206687744,2020-09-29 16:34:22+00:00,"젊남이엿우면...,먼개수작이야신천지냐?부터...나왔을것같아요...."
1310980895700992000,2020-09-29 16:32:57+00:00,신천지 누가 지입으로 저 신천지에요~ 이러겠음 지들도 자기가 신천지인지 모르는데..ㅋㅋㅋ 그리고진짜 기독교인이면 자기 신천지라했을때 진짜 발끈함ㅋㅋㅋ
1310978891792613378,2020-09-29 16:24:59+00:00,김ㄹㅇ 해명글이랑 여친 해명글이랑 말이 다 다르잖아ㅋㅋ.. 누구 말 믿어야 돼? 부모님 카페였다가 친오빠랑 하는 카페였다가..ㅋㅋㅋㅋ 신천지라는 증거가 있는데 구라인지 어케알아.. 동거부터 해명해... 나는 똑바로 해명글 안 올라오면 배신감 때문에 손 덜덜 떨 것 같으니까 꼬우면 블락하셈
1310977886258491392,2020-09-29 16:20:59+00:00,"#려욱버블 우선... 정말 축하하고
행복했으면 좋겠어요!
오빠가 행복하다면 됐어요...
신천지도 아니고... 좋은 사람 같아요!
마음고생 많았을 텐데 우선 푹 쉬어요.
저도 후유증 때문에 조금 휴식이 필요할 것 같아요...ㅎㅎ
잘잤으면 좋겠어요...!"
1310966765011177473,2020-09-29 15:36:48+00:00,려욱아 난 니가 아냐.. 내 여친은 신천지일리가 없어! 하면서 흐린눈연애 하는게 마치 내가 흐린눈덕질 하는 것 같았어 동병상련 느끼는 거 같고 시발 니가 더 친근해져 일반인같다 #려욱버블 #려욱
1310964911774732288,2020-09-29 15:29:26+00:00,"지들 듣고싶은것만 듣고 귀막해버리네
그분 신천지 아니구요 마음대로 가져다가 기사 쓰지마세요 제발"
1310964894867451904,2020-09-29 15:29:22+00:00,"아니 신천지 아니라고 하면 그냥 믿으세요
본인이 아니라고 하면 아닌거지
그 글 구라라고 우기시는 분들 블락할께요"
1310962994289938432,2020-09-29 15:21:49+00:00,"아2돌2슈 글 내달라고 해주세요....
저 괘북이 없...
그 아/리님께서 직접 밝히신 신천지 그 내용 보여드리면서요 ."
1310962976313274370,2020-09-29 15:21:44+00:00,아 어떻게 신천지인지 알아냈나했더니 신천지 유투브에 나와서였구나
1310962421423648769,2020-09-29 15:19:32+00:00,행복한 연애하세요 신천지 아니라잖아
1310962034654150656,2020-09-29 15:18:00+00:00,"여러분....
괘북 처리 가능한가요....
그 신천지라는 그 글.....
줘패고싶네
실화임?? 응 ㅇ아님"
1310961868081692674,2020-09-29 15:17:20+00:00,아이돌이슈 눈칫껏 신천지 아니라고 하고 글 내려라 ㅅㅂ
1310961827694538752,2020-09-29 15:17:10+00:00,"#려욱버블 솔직히 이와중에 희망편 짜고있었음..

려깅이가 여자가 신천지인 것을 몰랐다!-&gt; 충격받아 운다고 여태까지 버블을 안 왔다!-&gt; 그래서 헤어졌다!-&gt; 그 사실을 안 후 이미 헤어졌구 어쩌구 죄송하고 어쩌구 앞으로 헌신적으로 팀활동 어쩌구 글 올려주길 바람"
1310961526786920450,2020-09-29 15:15:59+00:00,시발 신천지 아닌거지? 그럼 됐어
1310961303092105216,2020-09-29 15:15:05+00:00,뭐야 신천지 아니네
1310961245831520258,2020-09-29 15:14:52+00:00,야 신천지 아니래
1310961101572640770,2020-09-29 15:14:17+00:00,신천지아니네ㅋㅋㅋㅋㅋㅋㅋ뭔데그찌라시는
1310960968126599170,2020-09-29 15:13:45+00:00,#려욱버블 근데 신천지들 포교 수법 1순위가 결혼인건 알아? ㅋㅋㅋㅋㅋㅋㅋㅋㅋㅋㅋㅋㅋㅋㅋㅋㅋㅋㅋㅋ
1310960395440582656,2020-09-29 15:11:29+00:00,그니까 사실이 아닌 말들이 정확히 뭔지 콕 찝어 해명해 줄 순 없어? 신천지가 오해라는 건지 반동거가 오해라는 건지 아님 뭐가 오해라는 건지 우리가 알 수가 있어야지^^ 니 말대로 지금 사실처럼 돌아다니는 말들이 너무 많잖아 #려욱버블
1310960261717733377,2020-09-29 15:10:57+00:00,아이돌이슈때문에 여친분 신천지인거 다털림~~~~~~~
1310960004221067267,2020-09-29 15:09:56+00:00,아이돌이슈 댓글에 신천지얘기 벌써나온다 어떤정신머리를말아쳐드신건지?
1310958684671864832,2020-09-29 15:04:41+00:00,사실 신천지를 만나던 누굴 만나던 자윤데 실검에 오른순간 피곤해지는건 바순들 몫 ✋
1310955859145625606,2020-09-29 14:53:27+00:00,신천지 지랄하네ㅋㅋㅋ애 패는 데 화력 모으기 더 쉬우니까 신천지에 그렇게 집착하는거 다 보여ㅋㅋㅋ정말 신천지인게 중요해??그것때문에 너무 상처를 받았어??스스로에게 솔직해져봐
1310954645448163336,2020-09-29 14:48:38+00:00,내 최애가 여친있다 밝혔는데 그 여친이 신천지면 진짜 까부라치고 탈덕한다0
1310954630331932673,2020-09-29 14:48:34+00:00,신천지 개오바임 ㅋㅋ ㅅㅂ
1310954272209633280,2020-09-29 14:47:09+00:00,하...신천지는 아니야..신천지 진짜 극혐인데..
1310954099236581383,2020-09-29 14:46:28+00:00,#려욱버블 다른건 모르겠고 그냥 행복만해라... 나 어차피 너 못놓을거같다 당분간은 ㅋ ㅋ 근데 있잖아 연애고뭐고 일단 신천지부터 어떻게 해주면 안될까.... 오늘 내친구가 친구들 앞에서 나보고 얘 최애가 신천지랑 사귄대 했을 때 내 억장 와르르 멘션이었거든..
1310953246782087169,2020-09-29 14:43:05+00:00,려욱 에이스 유출해드릴테니 기사 써주실 기자님 구함 여자 신천지인 것도 같이
1310952243546525697,2020-09-29 14:39:05+00:00,보건교사보는데...HSP 뭐야 신천지인가 개무서워
1310952145924091907,2020-09-29 14:38:42+00:00,연애하는건괜찮다니까....신천지는제발.....
1310950999549513729,2020-09-29 14:34:09+00:00,"근데시발신천지는아니잖아오빠,,,,,,,,"
1310949824049668097,2020-09-29 14:29:28+00:00,"나 진짜 숑새의 포코아포코걸고 구라아닌ㄷㅔ
. 
... 
오늘 신천지한테 붙잡혔들때 트위터 인기스타 되고싶어서 그분 붙잡고 드립쳤어 ㅋ"
1310949728021024770,2020-09-29 14:29:06+00:00,그래서 려욱오빠ㅜㅜㅜ신천지 얘기는 왜 없어ㅜㅜㅜ
1310940175040741377,2020-09-29 13:51:08+00:00,천지의 이것저것 실트 나만 신천지인 줄 알았냐
1310935480909705216,2020-09-29 13:32:29+00:00,저 진짜 대가리 박고 15주년 준비할게요 죄송해요 ㅣㅈ짜 하지반 려욱이 공시깁장 기다릴 거예요 ㅕㄴㄱ아 니가 미안하다고 하고 팬이랑 기싸움반 안 하면 나 다시@너 사랑할 수 있어 하지만 신천지는 해명 혀
1310934909712658432,2020-09-29 13:30:13+00:00,서면 ㄹㅇ 강한자만이 살아남는 곳임 거기 신천지 집합하는 곳 있어서 신천지 신도들 존나 전도하러 다님
1310924641834209280,2020-09-29 12:49:25+00:00,"무수한 믿음의 선조들이 신천지를 바라보며, 핍박으로 인해 고통속에 죽었다. 그들이 그토록 바랐던 그곳에 내가 있다. 그곳에 내가 있다. 있을만한 자격이 있어서가 아니라 때를 잘 타고 난 연고로다. 영광의 순간이 다가올수록 그들의 삶이 생각난다."
1310918516892028928,2020-09-29 12:25:04+00:00,"미리 오지콤
미리 관종
미리 아저씨
미리 관심종자
미리 나댐
미리 요리왕
미리 신천지
미리 기갈
미리 틱톡
미리 바보
미리 아방수
미리 귀여움
미리 건망증
미리 탈모"
1310916102357053440,2020-09-29 12:15:29+00:00,하나님은 희망 없는 세상에 영원한 생명의 비전을 제시하셨다. 누구에게 주겠다는 것일까? 예수님의 피로 죄사함 받은  자들이다. 신약 성취 시대에 이들은 누구인가? 신천지 열 두 지파 성도이다. 이를 부인할 자 누구리요. 부인할 수 없다. 복 받자.
1310905387395108865,2020-09-29 11:32:54+00:00,"...별외의 입장;{영;미 대륙법,미대륙;the New World 관련 (A) New World;신세계 또는 신천지}을 주장하시기를 바랍니다."
1310900862466760706,2020-09-29 11:14:55+00:00,신천지한테 디엠 옴 ㅅㅂㅋㅋ
1336163620833529856,2020-12-08 04:20:06+00:00,요즘 코로나 때문에 헬스도 못하니 뱃살 다시 나오는 듯ㅠㅠ 그래서 식단 관리라도 하려고 단백질쉐이크 챙겨 먹고 있는데 이거 진짜 괜찮네요. 포만감이 오래가서 자기 전까지 안배고픔;; 물이랑도 잘 섞이고 맛도 존맛ㅋㅋ 지금 세일하니까 필요한 사람 ㄱㄱ
1310900126865453056,2020-09-29 11:12:00+00:00,정신 좀 차려 이 양반아! 너 그러다 나가서 막 보험사기 당하고 다단계 끌려가고 신천지 가입하고 그러는 거야!
1310898225956618240,2020-09-29 11:04:27+00:00,저는 신천지 아님
1310897916223971328,2020-09-29 11:03:13+00:00,"경기도 이권(김진표)이랑도 물려있을 껀디...

같은 무리가 아닌 척 쇼질을 했던거라...

피곤한 새키들.

신천지 문제랑도 이어지겠죠?"
1310888315013324802,2020-09-29 10:25:04+00:00,전쟁에 있어 확실히 병사는 소모품입니다. 허나 나라의 기본이 되는 백성을 가볍게 여기는 국가는 머지않아 결국은 망하겠지요. 신천지를 손에 넣어도 씨앗을 잃어서는 번영 같은 걸 꿈꿀 수 있겠습니까?
1310878165066113025,2020-09-29 09:44:44+00:00,근데 김려욱 여친이 신천지인걸로는 도대체 왜 난리가 난거지 뭐 어디 기독교신자 만나거나 불교신자 만나면 똑같이 굴었어도 축하해줬을까? 아니잖아 우리한테 상처준건 김려욱인데 괜히 상대 여성까지 패는거 존나 구시대적이에요 책임은 김려욱이 져야지 논점 흐리진 말았으면.
1310876922847490048,2020-09-29 09:39:47+00:00,"#려욱버블
내 식대로 기다린다고 했죠?
오늘하루동안 트위터에 올라오는 글 전부 보고있어요
만약 진짜로 버블을 비트윈처럼 이용하고 티를 엄청 낸거였으면 그건 좀 실망할것같아요
티내려면 공개하든지.. 글구 여친이 신천지가 맞다면 오빠 맘이 깊다면 사귈순있지만 큰 이슈는 피할수없을것같네요"
1310876652658778114,2020-09-29 09:38:43+00:00,"신천지의 하나님, 신천지의 열 두 지파 자녀들이 무시로 옥애 갇힌 자들을 위해서 기도하고 있습니다. 저 간악한 세상 법과 법관들과 관원들에게 맡겨두지 마시고, 아버지의 능력으로 해방시켜 주시옵소서. 밖에 있는 저희도 마음이 편치 않습니다. 속히 역사해 주시옵소서."
1310875137252536320,2020-09-29 09:32:42+00:00,"지구춘 거민들아 듣거라. 지금 하나님의 사랑을 시험하는 것이냐? 그동안 무한이 베푸신 하나님의 사랑이 부족하더냐, 아니면 몽땅 잊었더냐? 하나님께서 너희에게 어떤 심판과 형벌을 내리시기를 바라느냐? 왜 성경에 약속한 목자와 신천지를 영접하지 않는 것이냐?"
1310874144460795904,2020-09-29 09:28:45+00:00,"하나님과 예수님은 신약을 성취하신 후에 그 사실을 온세상에 알려서 천국과 영생의 복을 주시려고,  악속대로 자기 사자 신천지 총회장을 보내셨다. 그런데 우매무지하고 배은망덕한 자들아 그에게 이같이 푸대접을 하느냐? 너희는 개나 돼지보다도 못한 자들이니라."
1310872878024290311,2020-09-29 09:23:43+00:00,"신천지를 싫어한다, 미워한다, 핍박한다., 욕한다. 죄인 주제에 그럴 자격이나 시간이 있는가? 신천지의 생명책에 자기 이름을 기록하지 못하는 자들은 유황불못으로 간다. 그런데 한가하고도 멍청하게 신천지 욕이나 하고 있나? 정말로 한심하다. 성경좀 읽어보라."
1310869470454325251,2020-09-29 09:10:11+00:00,"#려욱 #려욱버블
야 신천지 수료까지했으면 저 여친은 그냥 완전 신천지 광신도인데 려욱 포섭하고 려욱이 다른멤버들까지 물들이면 슈퍼주니어가 아니라 신천쥬니어 되는거아니냐"
1310868265598550017,2020-09-29 09:05:23+00:00,#려욱버블 려욱아... 신천지는 아니야... 다른 사람 만나면 안 되는거니......
1310853786676600832,2020-09-29 08:07:51+00:00,"국내 코로나19 완치자 10명 중 9명 후유증… 피로감·집중력 저하

코로나 19를~감기 정도로 생각하며~!
집회에 참가하는 사람들은~각성해야 한다~~~!
큰 코 다친다~~!

 이번 재발된 코로나는~~대구경북 신천지때와 달리~사망자가 많고~~!

외국에서도 발표했듯이~~~이번 코로나는 후유증이 남는다~~!"
1310849539683676160,2020-09-29 07:50:59+00:00,대순진리회도 신천지처럼 해산됬으면 좋겠음
1310849001965592577,2020-09-29 07:48:51+00:00,"헐 려우ㄱㅣ 천주교잖아
부모님이랑 성당도 같이 가고 그래서 다들 예뻐하시던데 뭐지 신천지 ㄷㄷ"
1310847521216892928,2020-09-29 07:42:58+00:00,에반데...?신천지...?
1310844821213343746,2020-09-29 07:32:14+00:00,"ㄹㅇ 얌전한고양이네
   여친이 신천지라니 어캄???
  와..
    와....
.
.
-화이팅-"
1310837838351495169,2020-09-29 07:04:29+00:00,신천지 의심을 피하기위해 모나미펜인척하자
1310833617971544064,2020-09-29 06:47:43+00:00,ㅇㄹ가 신천지라는 거에 충격먹고 ㄹㅇ이 헤테로 라는 거에 또 충격 먹음
1310829971686842368,2020-09-29 06:33:13+00:00,아 개웃겨ㅋㅋㅋㅋㅋㅋ신천지ㅋㅋㅋㅋㅋㅋ
1310821750234464256,2020-09-29 06:00:33+00:00,창 신천지 따라간썰 간잽할때보고 개웃었던 기억남...
1310821649181106176,2020-09-29 06:00:09+00:00,좋겟다.. 대만엔 신천지 없어서
1310821578481917954,2020-09-29 05:59:52+00:00,이기야노체 누체 쓰면 바로 블락 합니다. 만약 사투리였는데 제가 블락한 거라면 따로 찾아와서 알려주세요..... 제가 먼저 블락하는 이유 중 95%가 이기야노체 누체입니다...... 5%는 걱정하지 마세요 신천지입니다.
1310818234849869824,2020-09-29 05:46:35+00:00,ㅈㄴ 고굽척하고 눈감귀막하면 이렇게 되는 구나 려욱이가 그냥 적당한 또래 중 좋은 사람 만나서 (하다못해 려욱이가 뭘 퍼주는 관계여도) 그냥 조용히 잘 만나고 결혼하길 바랐는데 뭔 신천지 ㅅㅂㅋㅋㅋ 어이가 없네...... 어메이징하다 진짜
1310817927575212033,2020-09-29 05:45:22+00:00,"김려욱 성당 열심히 다니지도 않음요 정확히는 부모님이 다니시는 거고, 어릴 때 부모님 따라서 다니기 시작한 거라. 그때도 당시 여자친구가 교인이어서 교회 따라다녔다고 그랬음..ㅋ 신천지.. 참 최악이다 진짜"
1310815283519520768,2020-09-29 05:34:52+00:00,"정치신천지 방송 그만 둔건가?
뻘짓할 때부터 오래 못 갈것 같더라."
1310807068236865536,2020-09-29 05:02:13+00:00,걸그룹해체하고 신천지된거야...?
1310806834928734209,2020-09-29 05:01:17+00:00,뭐 처절하게 망한 아이돌에게 위로를 줄만한건 종교뿐이니 특히나 사이비가 비집고 들어가긴 딱 좋은 멘탈이었겠지만 그래도 신천지라니
1310806674471485441,2020-09-29 05:00:39+00:00,이미 망한 듣보라서 신천지 대란에서 살아남은건가 신기하네
1310805227050643456,2020-09-29 04:54:54+00:00,쟤 신천지였구나
1310804036996587520,2020-09-29 04:50:10+00:00,왜 그런건데? 신천지인 모르는 여돌이랑 사귀는데 버블로 뭐라 했는데 &lt;&lt; 이게 핵심 아니야? 그래서 버블 강퇴당함?ㅜ 버블 강퇴 돼? 되겟지? ㅎ
1310800123367055360,2020-09-29 04:34:37+00:00,나는ㅋㅋㅋㅋ시발ㅋㅋㅋㅋ거리두기 때문에 2열 좋은 자리 잡았던거 뺏기고ㅋㅋㅋ퇴근길에 2달 준비한 선물 못주고ㅋㅋㅋ막공은 가지도 못해서 울며 겨자먹기로 cgv가고 별 지랄을 다했는데ㅋㅋㅋ니 여친은 신천지?? 오빠 정신차려ㅋㅋㅋㅋㅋ나 진짜 너무 좆같애 이 모든게ㅌㅋㅋㅋㅋㅋ #려욱버블 #려욱
1310798336857784320,2020-09-29 04:27:31+00:00,"길가다가 갑자기 말걸면서 세우는 인간들 걍 손으로 막고 지나간다
신천지 색히들"
1310796276540162049,2020-09-29 04:19:20+00:00,"중국발 입구금지가 필요없었다는 주장중에
중국이 바이러스 발병을 늦게 알렸고, 
이미 중국과 한국 사이를 오가던 신천지가 많았으며,
중국 입국을 바로 막은 이탈리아 미국등도 막지 못했고
대만은 바이러스 발병전부터 중국과 모든 교류가 중지되었기 때문에 효과가 있었다고 한다."
1310796161637208064,2020-09-29 04:18:53+00:00,와~~~~15년차 케이돌 -&gt; # 신천지여친 카페 차려준 남돌로 끝나다~~~~
1310795129167306753,2020-09-29 04:14:46+00:00,앜ㅋㅋㅋㅋㅋㅋㅋ진짜 개쪽ㅋㅋㅋㅋㅋㅋㅋㅋㅋ여친 신천지 네이트 판 1위 려욱오빠 추카해ㅋㅋㅋㅋㅋㅋㅋㅋ 슈주 범죄에 팬기만에 어쩜 오빠들 한결같아~~진짜 가지가지한다
1310794525460193285,2020-09-29 04:12:22+00:00,아세상에 판에떴대 쪽팔려진짜 내가ㅠ 려욱아 너여친 판에떴어 신천지라고ㅠ 나진짜 창피해
1310784988623724545,2020-09-29 03:34:29+00:00,"'나는 자연인이다'라는 프로그램이 있다.  속세를 떠나서 욕심도 없이, 인위적인 규정도 없이 자유롭게 유유자적 살아간다. 난 이들의 삶이 세상에서는 최고로 지혜롭다고 생각한다. 그러나 죄와 죽음의 문제를 극복하진 못한다. 고로 신천지인의 삶에는 비할바 못된다."
1310783573503348737,2020-09-29 03:28:51+00:00,"율법시대 약 1500년, 복음시대 약 2000년을 마치고, 신천지 시대가 열렸다. 율법시대는 복음시대를 예언했고, 복음시대는 신천지시대를 예언했다. 신천지시대에는 복음에 약속한 대로 죽은 자든, 산 자든 실지로 영생하는 때이다. 인류와 만물은 복터졌다."
1310780253783040000,2020-09-29 03:15:40+00:00,"치료하면서 재판받게 해달라"" 신천지 이만희 보석허가 호소

기도해라!
하나님 못믿나?"
1310775639142588416,2020-09-29 02:57:20+00:00,"준다 준다 준다~...
짠 신천지~!
준다 준다 준다~...
짠 이태원~!
준다 준다 준다~... 
... ...
어? 진짠가?
짠 광화문집회~!"
1310774034221600769,2020-09-29 02:50:57+00:00,천지핏이 신천지의 천지 아니야....? 헐랭
1310769321631596544,2020-09-29 02:32:13+00:00,"1. 신천지나 광화문집회 등을 통해 코로나가 전국으로 확산됐다는 것 조차 인정하지 않는다.

2. 신천지나 광화문집회 등을 통해 확산되고 전염되어 확진받은 자들이 사망한 것에 대해서는 어떤 미안한 감정도 없다. 

3. 이 모든 것들이 조작됐다고 믿는다. 

이런 인간들이 얼마나 될까?"
1310757639521935361,2020-09-29 01:45:48+00:00,"단축 수업 하나보네.. 부럽다 그래도 
난 등교 안하는게 다행이다 싶음
신천지 지나고 2차로 코로나 확진자
펑 햇던 곳이 우리학교ㅛ랑 좀 가깝은거 같아서 다음주 등교도 좀그럼 어차피
1주일 단위 등교래.. 반 붙엿다가 다
다시 떨궈 놨잖아"
1310756489460690944,2020-09-29 01:41:14+00:00,"시험 기간이어서 지금 뭐 볼 시간도 없고 막 알았는데 려욱 지금 무슨일 인지 자세히 브리핑 해주실 천사분 있나여..? 여친은 뭐고 신천지는 뭐고 팬기만은 뭐고 지금 넘 혼라스러워서.... 려욱 버블은 안해가지고 뭐라 남겼는지도 두루뭉실하게라도 얘기 부탁해요..!!
#려욱버블"
1310738199711371265,2020-09-29 00:28:33+00:00,솔직히 유사판적없어서 다른건 모르겠고 될대로되란데 신천지는 아니지않냐 진짜 하.... 답답해서그런지 잠도 제대로 못자고 이상한꿈이나꾸고 시벌..
1310731207617859584,2020-09-29 00:00:46+00:00,"신천지 아버지 하나님, 예수님의 피로 죄를 용서해 주시고, 천국과 영생을 허락하신 사랑과 은혜를 감사합니다. 영원히 찬송과 영광과 감사와 존귀함을 받으시옵소서. 오늘도 신천지 사랑하는 자녀들의 삶을 감찰하시고 주관하셔서 힘차게 살아가게 해 주시옵소서."
1310728660077424641,2020-09-28 23:50:39+00:00,"정부의 방역활동을 방해한 혐의 등으로 구속기소된 신천지 이만희 자신의 건강상태 악화를 내세우며 보석을 호소했단다

자기는 영생한다고  추종자들에게 호언장담한 자(놈자)가 재판을 받는 동안 살아있을지 모른다고 엄살,부뢀을 믿으시게

죽기전에 구상권 청구하여 국고환수에 차질이 없어야 한다"
1310667018278850560,2020-09-28 19:45:42+00:00,"신천지 이만희가 아프단다.
씨발 자칭 예수께서 아프데.
ㅎㅎ
전광훈이 씨벌놈은 단식하다
혈당 떨어진다고 중단하고 이만희는 아프다고 징징거리고..
사이비들 하는 짓이 다 똑같네"
1310653802412867585,2020-09-28 18:53:11+00:00,"아론이란친구는뭐하는애인데
너신천지냐미쳤냐고
현웃텨졌잖아시밢 ㅠㅠㅜㅜㅜㅠㅠㅠㅠㅠㅠㅠㅜㅜㅜ"
1310653110159773697,2020-09-28 18:50:26+00:00,연동교회 구독이면 신천지인가 아닌가
1310628111600373761,2020-09-28 17:11:06+00:00,"너무나 만히~ 사랑한죄
널 너무나 만히(이만희아닙니다신천지아닙니다.) 그리워한죄~
ㅅㅂ 주제가"
1310623106738708481,2020-09-28 16:51:13+00:00,"와...
현직아이돌여친이 신천지라고? 미친"
1310616517860450304,2020-09-28 16:25:02+00:00,전쟁에 있어 확실히 병사는 소모품입니다. 허나 나라의 기본이 되는 백성을 가볍게 여기는 국가는 머지않아 결국은 망하겠지요. 신천지를 손에 넣어도 씨앗을 잃어서는 번영 같은 걸 꿈꿀 수 있겠습니까?
1310614683120852997,2020-09-28 16:17:45+00:00,"내 친구 어머님 아버님 신천지인 것 같음
아니 전에 집 놀러갓는데
거기에 뭐 이상한... 암튼 그런 거 잇어서"
1310601087255154688,2020-09-28 15:23:43+00:00,"오빠.. 이거 아니야 진짜..
여친이의 종교가 신천지 알고 있어? 설마...
신천지을 한국에게 어떻게 하는거 몰라?
여친 생긴는거 죄도 아니고.. 그냥 좋은 사람 만나 오빠..
이거 진짜.. 이해 할 수 없을 것 같다..
이거 터진면 오빠만 아니라 슈주에게 얼마나 욕 먹었으까?
#려욱버블"
1310600113467699201,2020-09-28 15:19:51+00:00,메모리알파 들어가보면 진짜 이중에 니가 좋아하는 보이저에피가 하나쯤은 있겠지..같은 작품 목록이라서 너무 신천지같음
1310599115793866753,2020-09-28 15:15:53+00:00,신천지...
1310597706050535425,2020-09-28 15:10:17+00:00,"#려욱버블
ㅎㅎ 천지티비 천지일보가 왜 신천지가
아니에오ㅡㅋㅋㅋㅋ신천지 맞아유^^"
1310591298202525696,2020-09-28 14:44:49+00:00,춤천지나 신천지나 팡훈이나 얘네들 욕할때 다같이 욕하길래 이번 연휴에도 정부에서 집에 가지 말라고 하니까 집에 안가는줄알았지 ㅎㅎ 근데 다가네?? 안가는사람이없네 ㅋㅋㅋㅋ 뭐 나도 100점짜리 방역을 하는것도 아니고 100점짜리 사람만 다른사람 욕할수 있는것도 아니긴 하지만
1310589856360194048,2020-09-28 14:39:05+00:00,근데 신천지는 또 먼데요 성당 다니는 거 아녔어?
1310589094737584128,2020-09-28 14:36:04+00:00,아니 근데 신천지는 레알이여?
1310572810364878849,2020-09-28 13:31:21+00:00,아시발진짜미쳣나 이신천지테이들이ㅡㅡ
1310566387996192770,2020-09-28 13:05:50+00:00,신나라 신천지라서 싫은데 중복 안나오게 주니까 계속 사게됨....
1310561559152750593,2020-09-28 12:46:39+00:00,와 여친이 신천지야? 미친ㅋㅋㅋㅋㅋㅋ 그냥 ㅇㅅㅁ이랑 둘이 슈주 버리고 외국에서 듀엣하던가
1310546844582199298,2020-09-28 11:48:11+00:00,그리고 연대는 선택적으로 하는게 맞잖아요 님은 일베랑도 연대하고 신천지랑도 연대하고 다 할거예요?
1310528621698719744,2020-09-28 10:35:46+00:00,진짜 웃기다 신천지도 혀를 내두를 전도
1310477190845227009,2020-09-28 07:11:24+00:00,"신천지, 교회꺼졍"
1310464488475209734,2020-09-28 06:20:55+00:00,진짜 제발 어디 나가지 말자..나는 신천지 건물 옆에 산다고 일 짤린 적도 있단 말이야..
1310437056317763584,2020-09-28 04:31:55+00:00,"변상욱은 털어 놔.

신천지가 미는 새누리당.

공격하기 좋은 그 포인트를 이쪽 새키들이 알아서 정리를 해주었다?

뭐가 있는 거지."
1310433365846233088,2020-09-28 04:17:15+00:00,"하나님과 예수님은 신약대로 일을 이루시고 신천지를 창조했다. 그런데 기독교인들은 이에 대해 관심도 없고, 알지도 못하고, 핍박만 한다. 그러면서 교회에서 열심히 설교를 하고, 또  듣는다. 무엇을 말하고, 무엇을 들을까? 저들의 모든 행위는 하나님을 대적하는 악일뿐이다."
1310418301776875521,2020-09-28 03:17:24+00:00,"ㅋㅋㅋ쉬발 ,, 집 걸어가는데 신천지가 나보고 인상이 좋대 ,, 시잘 ㅋㅋㅋㅋ 마스크 꼇는데요,, ㄱㅅㅎㄴㄷ"
1310410796527095810,2020-09-28 02:47:34+00:00,신천지도 이거보단 공들이겠다!
1310374918912000000,2020-09-28 00:25:00+00:00,진짜.. 부승간은 신천지다.. 부승간은.. 스며드는거니까 ㅇㅈㄹ
1310358999900905472,2020-09-27 23:21:45+00:00,"우리가 있었던 바밸론은 귀신의 처소였고, 각종 악이 난무하며, 영원한 사망의 자리였다. 그곳에서 하나님의 나라 신천지, 영생의 나라로 단번에 옯겨주셨다. 무엇으로? 예수 그리스도의 계시 곧 예수님의 피로. 이 사랑과 은혜가 작은 것이 아니다."
1310358106866475008,2020-09-27 23:18:12+00:00,"죽은 사람을 다시 살리는 일은 세상 사람의 머리로는 이해불가이다. 나사로의 부활도 이해를 못하는데, 예수님의 부활과 첫째 부활을 이해할까? 하나님은 자신과 같은 영원한 생명의 부활을 목적으로 일해 오셨다. 그리고 지금 신천지에서 완성하신다."
1310356987985539073,2020-09-27 23:13:45+00:00,"하나님의 형상으로 지음을 받았던 사람은 선악과를 먹고서 영도 죽고, 육도 죽었다. 그래서 구원의 최종 목표는 몸의 구속이다. 신령한 몸이 되는 것이다. 이 일은 신천지에서 마지막 나팔이 불려지는 시방 이루어진다. 구원의 역사의 정점이 신천지이다."
1310341477503967232,2020-09-27 22:12:07+00:00,"신천지의 하나님, 만국을 살릴 수 있는 약재료와 시간을 신천지 성도에게 주셨습니다. 어떻게 해야 하겠습니까? 당연히 일을 해야 합니다. 오늘도 각인의 마음을 주관하셔서 아버지의 일을 아버지와 함께 할 수 있게 해 주십시요. 산송장이 되지 않게 해 주십시요."
1310338503603974145,2020-09-27 22:00:18+00:00,"이만희 개새끼 신천지는 날 걸러라
●자동트●"
1310337783643254784,2020-09-27 21:57:27+00:00,신천지에 입교할 때부터 지금까지 오직 하나님의 역사만 생각했다. 어떤 어려운 환경에서도 먼저 하나님의 일을 생각했다. 그리고 이 일에 장애가 되는 것들은 그게 무엇이든 다 버렸다. 사람들은 이런 나를 이해하지 못했다. 그러든지 말든지 하나님의 역사는 이뤄놓아야 한다.
1310296974776610817,2020-09-27 19:15:17+00:00,"보건교사에 나오는 학교
무슨 사이비학교 그런거임?
신천지 학교버전이야?
조회시간에 겨드랑이 두들기고 웃는것도 그렇고 이게뭐임???!!!!"
1310289118358695936,2020-09-27 18:44:04+00:00,"신천지가 박근혜를 밀었어?

개신교는 이명박을 밀었지?

개신교 쪽이 한나라당을 접수하려면 어딜 쳐야할까?

코로나19 방역 때 이상하지 않았어?

법무부 말이야."
1310288921159323648,2020-09-27 18:43:17+00:00,마음 ㅇㅈㄹ 뭔 ㅅㅂ 신천지다
1310285566286520320,2020-09-27 18:29:57+00:00,"변상욱씨랑 삼성이 함께 한 흔적은?

신천지를 견제하는 쪽이 개신교 으디라고?"
1310247363504566273,2020-09-27 15:58:09+00:00,신천지한테붙접면 김문성 이름번호집주소대는 성태훈
1310241722614472704,2020-09-27 15:35:44+00:00,"정말 뜬금없는 이야기지만 가족,친지나 이웃분들 중에 신천지에 나오거나 나오도록 성공하신 분들 있으시다면 도움 부탁부탁드립니다. 멘션이나 디엠 어느쪽이든 편하게 연락주세요. 답답한 마음에 글 남겨봅니다.
좋은하루되세요.. RT 감사합니다.."
1310240535748075520,2020-09-27 15:31:01+00:00,"정말 뜬금없는 이야기지만 가족,친지나 이웃분들 중에 신천지에 나오거나 나오도록 성공하신 분들 있으시다면 도움 부탁부탁드립니다. 멘션이나 디엠 어느쪽이든 편하게 연락주세요. 답답한 마음에 글 남겨봅니다.
좋은하루되세요.. RT 감사합니다.."
1310208547112665094,2020-09-27 13:23:54+00:00,"마이너를 파면 안좋은점!

&gt; 연성이 안나온다!
&gt; 내새끼를 보기위해 온갖 언어로 서치를 해야한다!
&gt; 원작에서 졸라 작게 나오고 일회용 캐로 쓰이기도 한다!
&gt; 근데시발 분량도 적은주제에 잘생겨서 마음이 아프다!
&gt; 내새끼보다 신천지 신도가 메이저다! 존심상한다시발!"
1310203127916707840,2020-09-27 13:02:22+00:00,"전 신천지 아니니까
같이 무덤까지 ㅅㄹㅂㅌ 파주세요...."
1310198041349992449,2020-09-27 12:42:10+00:00,"앨리스에도
신천지가"
1310189803644751879,2020-09-27 12:09:25+00:00,신천지가옆방사람 말귀 못 알아듣는사람을 노예처럼 이용하고있네요.지금까지여러형태의신천지의 해꾸지를 너무나 많이경험했거든요.뻔히 보이는 수로 본인들의 행동이아닌것 처럼 손바닥으로 하늘을 가리려 하는 행동들이가증스럽네요.주일 저녁 취침시간 월요일 새벽까지 요즘 밤잠을못자게합니다.
1310169233720897536,2020-09-27 10:47:41+00:00,"곽상도 ""노영민, 반포 아파트 판다더니..등기부엔 아직 보유 중"" 국회의원 임기 내내 좆같은 까더라만 파고 댕기는 저짓거리 하면서 몇십억 혈세 낭비하고 신천지 관련해서 받아쳐먹은 돈은?  인간으로 태어나 살면서 부끄럼느끼지 못하는 인간! 자기의 허물 범죄에 무지막지하게 관대한 인간말종"
1310167923739090944,2020-09-27 10:42:29+00:00,"메모리즈 보는데..
생각해보니까 입사후에 한번도 콘서트 못간거 실화냐;;
작년 럽파콘 추첨 및 티켓팅 말아먹고, 올초 추첨 망하고, 다행이도 티켓팅은 성공했으나 코로나와 신천지 개새때문에ㅠㅠㅠ 콘서트 취소될거라 예상했으나 그래도 한줄기 희망마저 가져가버려서ㅠㅠㅠ"
1310167639575072769,2020-09-27 10:41:21+00:00,"왜 실트에
신천지 말씀이 있냐??
지금 신천지 때문에
우리가 이 고생 하고 있는데
여기 사탄을 교회에 있나봐 ㅎㅎ"
1310167282438434818,2020-09-27 10:39:56+00:00,개좋음 입시 끝나고 벤치에 앉아있는 짓 많이 했는데 이런 날에 앉아있으면 시원한 바람 솔솔 불고 기분 좋은데 사람 좀 있는 곳 벤치면 신천지가 다가와서 제가 작간데.. 힘들어보이시네요 이럼
1310165832396279808,2020-09-27 10:34:10+00:00,"웁: 송현우 너 자꾸 나한테 땅콩캬라멜 사주고 겉옷도 빌려주고 그러는데 이게 내가 생각하는게 맞는지 헷갈린다.
햰: ....우빈이가 생각하는거 맞아.. 나.. 우빈이 좋아ㅎ..
웁: 너 신천지냐?
햰: 뭐라고?"
1310165508784664578,2020-09-27 10:32:53+00:00,"아직도 신천지 활동하긴 하는구나
방심하다 잡혓네"
1310150528127492096,2020-09-27 09:33:21+00:00,"내가 오늘 온콘보고 느꼇는데
조스년 싫어하면 다 신천지임"
1310139943306502144,2020-09-27 08:51:18+00:00,뭐 신천지도 10만명 넘으니까요... 상식없는 사람들은 어디에나 잇고(존아
1310134821105012739,2020-09-27 08:30:57+00:00,삶이 힘드시면 한번쯤 이즈레 잡아보시는 걸 추천드립니ㄷ 아아니 신천지 아니라고요!!!
1336163620833529856,2020-12-08 04:20:06+00:00,요즘 코로나 때문에 헬스도 못하니 뱃살 다시 나오는 듯ㅠㅠ 그래서 식단 관리라도 하려고 단백질쉐이크 챙겨 먹고 있는데 이거 진짜 괜찮네요. 포만감이 오래가서 자기 전까지 안배고픔;; 물이랑도 잘 섞이고 맛도 존맛ㅋㅋ 지금 세일하니까 필요한 사람 ㄱㄱ
1310103445819465729,2020-09-27 06:26:16+00:00,"신천지 계시 지식은 석두가 아니면 누구든지 일 년만 열심히 공부하면 환히 알 수 있다. 그럼에도 불구하고 아직도 제대로 알지 못하고, 가르치지 못하는 이유는 오직 한 가지다. 게으름이다. 얼마나 게으르면 다 이루어 놓은 것도 마음에 새기지 못할까?"
1310100605201838081,2020-09-27 06:14:59+00:00,지금 세상에선 백세가 넘으면 장수했다고 한다. 그런데 신천지가 완성된 후 신천지에서 백세는 아이라고 한다. 해서 나무의 수한처럼 오래오래 산다고 한다. 하나님이 친히 함께 하시는 천국이니 뭔가 달라야 맞을 것이다. 아니라면 천국이 무슨 의미가 있겠는가?
1310096659146182657,2020-09-27 05:59:18+00:00,내머리 코로롱 신천지 터진 이후로 안가서 지금 찰스임
1310062338788081664,2020-09-27 03:42:56+00:00,물론...감정적으로만 해서 이 무제가 해결되는 게 아닌 건 아는데..그치만.............시발그치만제가신천지에이어사랑제일교회까지지금병원이몇달이나밀렸는데저새끼들죽여도합법처리해주셈시발
1310039298012377089,2020-09-27 02:11:22+00:00,"이제 사람들이 한계가 온것같거든 진짜 평소엔 제발 나가서놀자고 해도 나가기 싫어하던 사람들도 나가고싶어하는 기간이 왔거든 진짜 어떡하면좋냐...
이게 다 신천지 때문이야.... 신천지만 아니었어도 이미 종결났을 고론나인데......진짜 신천지......너네 교주 대머리할배다ㅠㅠ"
1310012510985007104,2020-09-27 00:24:56+00:00,참음은 소망이 있기 때문이다. 무슨 소망인가? 천국과 영생이다. 신천지에서 이 일이 이룰 것을 믿기에 참는다. 여지껏 참고서 일을 했는데 이제 와서 못 참을 이유가 없다. 신앙의 환경이 얄궃을뿐 아버지의 약속이 변한 것은 하나도 없다. 곧 완성될 것이다. 힘내자.
1309935522891010048,2020-09-26 19:19:00+00:00,이번주에 갑자기 신천지들이 트윗선교하고 지랄이야
1309924298241445890,2020-09-26 18:34:24+00:00,"트레저는거의 신천지임
나는 독실한사이비신자가돼버렸음..
그래서 맨날 새벽부터 다음날 새벽까지 트위터하고
트레저가 ㄴㄱ냐는 친구들한테 공허한눈으로 트맵보라는말만 하고있자너
마음공부강요랑 뭐가달라 도대체"
1309918946313740289,2020-09-26 18:13:08+00:00,근데 이거 그거 아닌가... 어느 신천지에서 저런식으로 현실에서 하느님께 반하는짓(사이비가정해놓은)하면 사후세계에서 이러한 벌받는다~ 하는 얘기들은적 잇는거 같애서 흠 스럽다잉 머 옛날에 교회에서 이런 사이비도 있으니 조심하라~ 라는식으로 들은거라서 자세한건아니지만..
1309872802414034944,2020-09-26 15:09:47+00:00,저ㅋㅋㅋㅋㅋㅅㅂ (대)학교앞에서 신천지가 중딩이냐면서 잡음ㅋㅋㅋ개빡쳐서 바빠요 하고 튐
1309863977740988416,2020-09-26 14:34:43+00:00,"낭만적인 부분도 있지만 저는 유전에 나오는...사탄숭배의식집단만큼이나 무서운게 아미시라고도 느꼈는데.
이들은 사이비취급도 받지않는데다 어느정도 집단네트워크가 있는 기독교 종파의일종으로 취급받는 분위기라
아시안인 저로써는 솔직히 아미쉬들은
'인증 된 신천지'같은 느낌이예요"
1309847054722637824,2020-09-26 13:27:28+00:00,"진격거 종교

엘렌 : 교회 청년부 워십댄스 조지게 잘하고 ccm너무 크게부름 
미카사 : 엘렌 교회 따라다님

아르민 : 교회다니는데 인터넷에서 사탄 동호회 활동함 

한지 : 원불교 

엘빈 : 가톨릭 

리바이 : 구마사제 

한네스 : 유교

코니, 사샤 : 밥 잘주는데 감 

베르톨트, 라이너 : 신천지"
1309813648626339841,2020-09-26 11:14:43+00:00,아오시발 예전에 신천지하고 같이 엮었던 친구가 자꾸 연락하네
1309810159665905666,2020-09-26 11:00:51+00:00,이미 역병포자 신천지때 매출 0 사진으로 사이비들한테 조돌당하다 신고먹고 계정정지먹었다 돌아온 사람의 멘탈을 우습게 보지마라 느그 오빠 찹쌀떡 아니라는 말 골백번도 더 할수있으니까 적당히 하자 나도 팥소들은 찹쌀떡 구워먹는거 좋아해 ~~
1309797353507811330,2020-09-26 10:09:58+00:00,"#트친들_8할은_못해봤을_경험

저는 신천지가 포섭하려다 버린 사람입니다!ㅋㅋㅋ 순진하게 무슨 연구 패널 해달라그래서 네! 하고 두달 동안 수업 듣고 숙제하고 그랬는데... 숙제도 레포트마냥 한글로 쳐서 보고서처럼 해갔는데... 신천지였다고 한다!"
1309794322863144960,2020-09-26 09:57:56+00:00,"여러분 혹시

'인터넷시온선교센터' 라는 곳에서 강의를 듣고있는

어르신분들이나 사람들을 본다면...

그들은 신천지랍니다... 피하세요..."
1309780339452043265,2020-09-26 09:02:22+00:00,한국에 코로나를 급격히 확산시킨 피해규모가 일부 정신나간 클러버들 &lt;&lt;&lt; 신천지 &lt;&lt;&lt;&lt;&lt;&lt; 대형 개신교회와 중노년 집회의 대환장 콜라보란건 정말 너무나 상징적인듯
1309769538687258627,2020-09-26 08:19:27+00:00,신천지가 다시 돌아다니나 봅니다 조심하세요 그리고 제가 내일모래 서른인데 고등학생이냐니
1309755872944422912,2020-09-26 07:25:08+00:00,전쟁에 있어 확실히 병사는 소모품입니다. 허나 나라의 기본이 되는 백성을 가볍게 여기는 국가는 머지않아 결국은 망하겠지요. 신천지를 손에 넣어도 씨앗을 잃어서는 번영 같은 걸 꿈꿀 수 있겠습니까?
1309738217592287232,2020-09-26 06:14:59+00:00,"신천지 거제교회 자원봉사단, 유자농가에 힘 주다"
1309731116991954945,2020-09-26 05:46:46+00:00,ㅅㅂ 신천지네
1309730912511209472,2020-09-26 05:45:57+00:00,알바하다가 무슨 단체와서 책주길래 책받았는데 서치해보니까 신천지인것같다....
1309730000120107014,2020-09-26 05:42:20+00:00,아니 뭐 신천지같은 것도 신도가 존나 많다고 하니 글케 생각하면 이상하진 않네요 애써 침착
1309716663189696513,2020-09-26 04:49:20+00:00,어제 다스에 기모란 교수님 나오셔서 썰 엄청 푸셨는데 넘 좋았고 1-2주 안에 검사 격리 다 끝난 신천지나 이태원 때와 달리 815 때 전국의 노인네들 다 몰려와서 감염된 채로 중환자실 다 눕고 검사 거부하고 바이러스 전파해서 감염경로 불명이 급증하는 바람에 이제 잡기 불가능할거라고...ㅜㅜ
1309710425840214016,2020-09-26 04:24:33+00:00,말 잘듣네 사람들 ... 나만 사랑제일신천지 됨.. 하지만 저 오늘 콜라도 팝콘도 오징어도 핫도그도 나초도 안 들엇어요 마스크 안 내리고 얌전히 보고 갈게요
1309690274486956037,2020-09-26 03:04:28+00:00,한국어를 잘 아는 외국인은 통일교 또는 하나님의 교회(구 안상홍 증인회) 또는 별칭 구원파. 신천지 일 수 있습니다.
1309681749773791233,2020-09-26 02:30:36+00:00,"신천지의 하나님, 코로나 바이러스 전염병을 멈춰 주십시요. 이로 인해 약속의 목자는 세상 법정에서 재판을 받고 있고, 저희는 만국 소성을 제대로 하지 못하고 있습니다. 영과 육의 혼인과 변화만이 저들을 죄에서 구원할 능력이라고 생각합니다. 아버지만 바라봅니다."
1309675186984161281,2020-09-26 02:04:31+00:00,신천지 교회와 전광훈이 교회만 아니었다면 한국은 5월경부터 제로확진으로 모든게 정상화돼서 세계적으로 유일무이한 1등 국가가 됐을거임 정말 사이비교회가 아쉽다.
1309673641542479874,2020-09-26 01:58:23+00:00,신천지보다 극우개신교와 반정부세력이 코로나 방역을 방해하는 더 죽일놈들임을 알게 됐고 언론 니들도 마찬가지임
1309673082907316229,2020-09-26 01:56:10+00:00,"오늘 ! 국내 확진자 49명,~~~해외 유입 12명
 
한마디로~확진자가 초기 발생했던 대구.경북 신천지가~~길게 끌었듯이~~제2 광복절 코로나 재감염은~서울 광화문에서 이루어져서~서울 수도권이 가장 심각한 상태로 오래 끌고있다~!전날 국내 확진자는~~95명에서~~오늘 49명으로~"
1309662569855033344,2020-09-26 01:14:23+00:00,아침실트만 유독 극우랑 신천지 키워드가 많더라
1309652008270397440,2020-09-26 00:32:25+00:00,"아니? 왠 약판매 계정이 팔로를 하네.

신천지인가? 했더니 텔레그램 약판마상.

부정적 느낌 &amp; 변호사 &amp; 천만원 숫자가 들어간 트윗을 써서 그런가?

진짜 별별일이 벌어진다. 요즘."
1309640721524162560,2020-09-25 23:47:34+00:00,신천지도 이거보단 공들이겠다!
1309625843778547717,2020-09-25 22:48:27+00:00,오늘 한 몇 시간 고민하니까 저 새끼가 사실은 조직폭력집단을 가장한 신천지가 아닐까 하는 결론에 다다르더라
1309609847827038208,2020-09-25 21:44:53+00:00,"신천지의 아버지 하나님, 저희의 지식과 믿음을 더하시되 덕을 겸비하게 하셔서 온전한 사람으로 창조해 주십시요. 그래서 아버지께나 사람들에게 거룩하고 선하고 의로운 자로 인정받게 해 주십시요. 지식만 많이 입력하고 덕이 부족한 기형이 되지 않도록 창조해 주십시요."
1309557289829818368,2020-09-25 18:16:02+00:00,터프 : 한남들 사주받고 대신 여자 패려 나타난 페미니즘계의 신천지.
1309542673695477760,2020-09-25 17:17:58+00:00,"최근 3년간 우리 국민의 생명과 재산에 막대한 피해를 입힌 주적은 누구인가 
1. 신천지, 전광훈 개독, 광화문 파지들에
 의한 사망자 400여명.

2. 북한에 의한 직접 사망자 1명(그것도 월북 하려다)

누가 주적인가?"
1309525887210070018,2020-09-25 16:11:15+00:00,오늘 나는 버킷리스트 하나를 충족해서 마음이 웅장하고 충만하다. 지금정도라면 신천지나 사랑제일교회 권유도 충만한 마음으로 보드랍게 거절할 수 있을 것 같다.
1309520873586483202,2020-09-25 15:51:20+00:00,"대체로 블랑이 해달라고하면 허허 해줄것같다는 적폐믿음
신천지수준"
1309502369508466692,2020-09-25 14:37:48+00:00,"신천지 때는 확진자 제로가 목표였는데, 광복절 이후로는 방역에 협조를 안해서 제로는 아예 포기했고, 일 50~100을 목표로 하고 있단다. 지금 상태로 거리두기 계속 유지할 때 10월 초에 40여명 되는걸로 시뮬레이션 되는데, 추석때 느슨해지면 다시 광화문때로 돌아간다고ㅜ
집회하지마라 징짜🤬"
1309499883305365505,2020-09-25 14:27:56+00:00,이만희 신천지가 그나마 양반이었다니. 광화문 집회 때문에 50명 이하 단위로 가는 건 어렵고 지금 수준을 유지하면 10월초 40명대까지 갈 수 있으나 추석 여파로 50명대로 갈 수 있고 근데 다시 집회가 열리면 800명대로 갈 수 있는 상황. .... 조심해도 겨울까진 50명대로 예측.
1309499456304287745,2020-09-25 14:26:14+00:00,"민혁이를 안좋아한다?
이해는 안가지만 그럴 수 잇음
근데 민혁이를 싫어한다?
그즉시신천지싸이코패스냉혈한으로취급함"
1309493006945325056,2020-09-25 14:00:36+00:00,"이만희 개새끼 신천지는 날 걸러라
●자동트●"
1309492527653728256,2020-09-25 13:58:42+00:00,신천지세브란스...?
1309490886326190080,2020-09-25 13:52:11+00:00,ㅇㄴ 전부터 신천지가 절 팔로우하시는데 제가 한번 어? 가드려야 그만 할겁니까?
1309490735813521408,2020-09-25 13:51:35+00:00,비록 ggdb과 신천지세브란스 이후로 제필팬픽 근처에 얼씬도못하게되엇지만.
1309490258371731456,2020-09-25 13:49:41+00:00,우리 엄마가 방탄이 신천지같다고오.....막 그런다 방탄 별로 안 좋아하거든 근데 내거 막 굿즈사고 막 영상엄청보고 그러니까 신천지냐고 막말하는데 진짜
1309489117156110336,2020-09-25 13:45:09+00:00,"신천지나 사랑제일교회에 구상권 청구소송은 정부의 패소라 예상한다.

헌법을 넘는 법이 있을 수 없을테니."
1309476106836213761,2020-09-25 12:53:27+00:00,지금도 문재인 비난하면 hoxy... ㅇㅈㄹ 신천지 소리 들어요?
1309460519913308161,2020-09-25 11:51:31+00:00,"오늘도 외출하고 왔는데요.
촉히 100명도 넘는 신천지집단들이  내 동선따라 곳곳마다 배치되었더라거요.
 저의 신천지에 대한 느낌은 아직도 건제하다는 생각이듭니다.
고시원 도착하니 총무실 불이꺼지고 문이굳게 닫혔더라고요.
cctv 라는것이 인터넷으로 어디서나 볼수있자나요~~?!"
1309458894192689157,2020-09-25 11:45:03+00:00,요즘은 길 물어볼때도 망설이면 안 됨 신천지인줄 알고 패쓰당함 냅다 여기 어케 가는지 아세요? 들이밀어야됨
1309453890958499841,2020-09-25 11:25:10+00:00,전쟁에 있어 확실히 병사는 소모품입니다. 허나 나라의 기본이 되는 백성을 가볍게 여기는 국가는 머지않아 결국은 망하겠지요. 신천지를 손에 넣어도 씨앗을 잃어서는 번영 같은 걸 꿈꿀 수 있겠습니까?
1309452424696922117,2020-09-25 11:19:21+00:00,"계시록 성취 시대의 악은 적그리스도와 바벨론의 무리이다. 이들의 교리에 물들지 않는 게 악에서 벗어나는 것이고, 구원받는 것이다. 이들의 실체는 신천지에서 나가서 미혹하는 자들과 신천지를 대적하는 기독교로 가장한 종교인들이다. 악의 무리를 똑똑히 보고 있다."
1309450523368550400,2020-09-25 11:11:47+00:00,"예수께서 아버지의 뜻을 이루시려고 영계 처소를 예비하러 가신다고 하셨다. 그런데 이것이 예비가 된 여부를 무엇으로 알 수 있을까? 그와 같이 땅에서 이룬다고 했으니, 그와 같이 이루는 것을 보고 알 수 있다. 그와 같이 이루는 것이 신천지 열 두 지파이다."
1309449767982784512,2020-09-25 11:08:47+00:00,폰팔이 가게에 앉아서 탈출하는게 무슨 신천지 탈출하는 지능이 필요하냐
1309444434086387714,2020-09-25 10:47:36+00:00,하나님은 신이시므로 볼 수 없는 게 아니라 죄 때문에 볼 수 없다. 죄가 없다면 얼마든지 서로 보면서 살 수 있다. 함께 사는데 왜 못 본단 말인가? 또한 부자지간에 못 본다는 게 말이 되나? 그래서 죄를 사함 받는 일이 제일 중요하다. 신천지 성도들은 보게 된다.
1309444427140575233,2020-09-25 10:47:34+00:00,하나님을 아버지라고 부를 수 없는 때가 있었다. 아담이 선악과를 먹은 후에는 하나님의 이름조차 부르지 않았다.그로부터 약 4천 년이 지나서 예수께서 오셨을 때 비로소 아버지라고 부를 수 있었다. 시간은 흘러 지금은 자녀들만 모아서 신천지 열 두 지파를 창조한다.
1309418003876868097,2020-09-25 09:02:34+00:00,전대후문앞에 신천지가 탄ㅎ하자고 모여있음ㅋㅋㅋㅋ도라이샛기들
1309407495706689537,2020-09-25 08:20:49+00:00,"전광훈신천지 왜믿냐?
그돈으로 닌텐도스위치랑 파이어엠블렘풍화설월 한그릇 사먹으면
든든하고 얼마나 좋은데"
1309406606984052738,2020-09-25 08:17:17+00:00,기운이 특별하다고 말하는 거 신천지 단골 대사 아니냐고 😭
1309391210688077824,2020-09-25 07:16:06+00:00,"미쳤나봐쟤
너
신천지아니지
그렇다면나랑평생좀가자"
1309385128720834560,2020-09-25 06:51:56+00:00,헐슈발 방금 신천지만남;;;;;;
1309371122245234688,2020-09-25 05:56:17+00:00,와 코로나19 종식이 실트길래 뭐지 싶어서 봤더니 신천지가 일부러 복붙 오지게 해서 어거지로 실트 올리고있는거같은데
1309362636883025922,2020-09-25 05:22:34+00:00,지금 코읍읍 실트 간 이유 신천지들 때문이라든디
1309361191823630336,2020-09-25 05:16:49+00:00,신천지 참빛교회 두 번째 전쟁과 평화 사진전
1309360305160421376,2020-09-25 05:13:18+00:00,신천지...전광훈...코로나 꺼져봐.
1309358431581528064,2020-09-25 05:05:51+00:00,신천지 기독교 인간들 제발 집에 처박혀 있어라
1309356587186749440,2020-09-25 04:58:31+00:00,"신천지가 기도하면 
종식될 코로롱도 종식안되고 
지구 멸망할거같은데 
그냥 좀 닥치고 찌그려져있으면 
안되나  ? ...."
1309356380206239744,2020-09-25 04:57:42+00:00,?코로나 종식 기원을 신천지가 바라며 기도한다고? 애초에 니네가 싸돌아다니지만 안했어도 파국으로 치닫진 않았을건데??? 진짜 개 어이없네
1309352486877032448,2020-09-25 04:42:14+00:00,코19 종식 기원은 좋은데 그걸 신천지가 한다? 흠:띵킹:
1309351701531381761,2020-09-25 04:39:06+00:00,코로나 종식을 기도하는건 좋은데 신천지가 말하는게 웃기냐 쟤네 때문에 맵솔콘 취소됫는데
1309351023023067136,2020-09-25 04:36:25+00:00,ㅋㄹㄴ19종식 뭔가했더니 신천지였어?
1309350713768595456,2020-09-25 04:35:11+00:00,"미드 소마 저거 뭐하는 영화야?
신천지야?"
1309348197102354433,2020-09-25 04:25:11+00:00,신천지 방금 한 백명정도 차단한듯
1309347463782830081,2020-09-25 04:22:16+00:00,신천지 새끼들아 작작좀 나대ㅠ 신천지새끼들이 실트 띄워놓는것 볼 때마다 존나 역함ㅋㅋㅋ
1309342633509044224,2020-09-25 04:03:04+00:00,나 말 걸기 편한 인상인가봐.... 자꾸 길물어보고 버스 물어보고 신천지 같은 사람들이 말 걸어.... 모릅니다.....
1309333239555739651,2020-09-25 03:25:45+00:00,ㅅㅂ 실트에 콜5나 종식 떠있어서 개설레서 눌럿더니 신천지네 에라이 시벌
1309333118965301248,2020-09-25 03:25:16+00:00,신천지가 코로나 종식 기도하는거 볼때마다 너무 웃긴다. 사람이 뻔뻔한 수준을 넘어가면 뱅그르르 돌아버리는 듯.
1309332358613483520,2020-09-25 03:22:15+00:00,"코로나19 종식 실트,  신천지에서 올렸다에 1000원건다. 양심적으로 확인안했다. 그런데 지금까지 코로나19 종식으로 실트 올라온것은 100% 신천지였다. 그렇기 때문에 오늘 실트 코로나19 종식 도 신천지일꺼다. 맞으면 하트 눌러줘라..난 확인안할꺼다."
1309332339462344704,2020-09-25 03:22:10+00:00,코로나 종식?? 아 제발 신천지 가만히 있어~~~~~~~~~~~
1309331256488783872,2020-09-25 03:17:52+00:00,"코로나➡️중국이 시작함➡️한국에 조금 들어옴(초기)➡️갑자기 신천지가 집단감염 엄청시킴➡️이 기세를 몰아 교회도 집단감염 파티함➡️광화문에서 시위하다가 집단감염 더블로 걸림

쨌던 초기는 1~2명이니까 금방 치료하면 됐는데 신천지가 시작임 신천지 개객끼야"
1309330845841326081,2020-09-25 03:16:14+00:00,신천지는 술 안마시지? 우리업계 고객 아니야.
1309330713406107654,2020-09-25 03:15:42+00:00,"코로롱 종식 ~.,신천지~..,,.... 앞뒤가 안맞자너~~"
1309328949009244160,2020-09-25 03:08:42+00:00,"코로나19종식이 실트에 올라서 뭐지 하고 봤는데...
신천지들의 기도 제목이구나.
나도 기도하고 싶은 제목이기는 하다"
1309328829781958658,2020-09-25 03:08:13+00:00,ㅋㅋㅋㅋ코로나19 종식을.. 신천지가 기도하고 있구나.. 그렇구나...
1309328380349702144,2020-09-25 03:06:26+00:00,신천지가어딜깝쳐
1309326812577542144,2020-09-25 03:00:12+00:00,아 뭐지 실트 신천지한테 다 털렸죠ㅋㅋㅋㅋㅋㅋ?
1309326604665937928,2020-09-25 02:59:23+00:00,아 신천지는 실트 왤케 잘먹음
1309321575464796160,2020-09-25 02:39:24+00:00,미드소마를 보고 힐링되는 기분을 느꼈다는 게 좀...그 맥락인가? 신천지 입신하고 삶의 보람 찾는 기분 간접체험?ㅋㅋㅋㅋ
1309320008107847686,2020-09-25 02:33:10+00:00,좋은 신천지 신자는 죽은 신자다
1309319085650407424,2020-09-25 02:29:30+00:00,"신천지가 잘못한게 뭔가?
사랑제일 교회가 잘못한게 뭔가?

곰곰히 생각해봐라.

중국을 향해 문닫지 못하는 국가의 사정이란거 또한 잘 생각해봐라.

완전한 답이란 없다.
타당성의 문제지.

수출을 유지하는데 여객왕래가 필요한가?
경제적 문제로 국경을 열어둔 나라에서 내부는 왜 억압할까?"
1309306777419177984,2020-09-25 01:40:36+00:00,코로롱나 19종ㅋ...식...?신천지 신도여러분~~님들이 기도하러 안나가면 없어져요~~~
1309306130225483777,2020-09-25 01:38:01+00:00,원래 2인1조가 기본인데 요즘 신천지는 한명씩 다니더라고...
1309301300312432640,2020-09-25 01:18:50+00:00,ㅗ신천지ㅗ가 코ROㄴr19 종식 기도회 한다고 하던데 밀폐된 공간에서 뭘 또 모여서 하겠다고 지랄임? 왜 또 그때처럼 퍼트릴려고? 너네같은 사이비 종교의 기도 따위는 마음의 위안도 안되고 그냥 짜증이 나니깐 제발 아무것도 하지마ㅗㅗㅗ
1309300230764986368,2020-09-25 01:14:35+00:00,신천지가 코로나 종식을 얘길하니까 걍 웃기다...ㅋㅋㅋㅋㅋㅋ첫번째 터지게 한게 누구더라..
1309298632663789568,2020-09-25 01:08:14+00:00,실트에 코로롱 종식 있길래 뭐지 하고 눌렀더니 신천지;;;
1309297143664926726,2020-09-25 01:02:19+00:00,종식 기도를 드리는건 좋은데 신천지가 말하는것 자체가 웃겨
1309296298806263808,2020-09-25 00:58:57+00:00,코로나19 종식되길 바래서 기도하는것 자체는 좋은건데 신천지가 그걸 말하니까 되게 웃겨
1309289055662694404,2020-09-25 00:30:10+00:00,"버스 옆자리 
아줌마
폰으로 이상한 기도문 .중얼중얼하는데
옆으로 힐끔힐끔 폰 보는데
저런 기도문은 기독교도 아니고
천주교 기도문도 아닌거 같은데
신천지인가 ㅡ즈ㅡ
왠지 아침부터  기분이 쪼까. 거시기"
1309281940512468992,2020-09-25 00:01:54+00:00,"&lt;2&gt; 흑마술을 이용하고 그런목적성 주술을 이용해 권력가 야망도추구하는 만화같은짓도한다

실제 사이비종교단체보다 그 어떤종교에서든 지혼자 양아치나 소시오패스, 깡패처럼 사악하게 굴면서 지하나가 사이비인경우가 많고 그런이들이 젤 위험하다고해야한다
  ㅋㅋ

신천지인들은 진짜 해킹을한다"
1319526643870789634,2020-10-23 06:30:42+00:00,엄마가 앞머리 숱 때문에 하도 스트레스 받아하셔서 주문했는데 변화 보이세요?? 대박입니다.. 보고 넘 신기해서 매번 사진 찍는 중; 무막줄기세포? 처음 들어봤는데 탈모에 찐인가봐요. 가격이 좀 있긴 한데 포인트 할인이랑 적립받으면 거의 40% 넘게 할인이라 만족ㅎ UUU몰 두피 에센스 추천해요!
1309280085111836672,2020-09-24 23:54:32+00:00,작년에 신천지만났는데 죄송하지만 혹시 나이가어떻게되세요? 하길래 그때 너무피곤하고졸려서 20살인가? 혹시 공이가몇살인지아세요? 그랫더니 가더라
1309254594984177665,2020-09-24 22:13:14+00:00,겨우 줄여놓으면 신천지 지랄. 겨우 줄여놓으면 이태원 지랄. 겨우 줄여놓으니 개독교 지랄....
1309223286685933568,2020-09-24 20:08:50+00:00,"다이어트 만남 신천지 훈남 의정부 김밥 울주군 티팬티 
😀😀😀😀😀😀😀😀1
고액 재택알바 모집중
당일결제 10~30만원 
구매대행 알바 누구나가능
ㅜ상담㉸ㅌ:AMD13588"
1309194446219608065,2020-09-24 18:14:14+00:00,"다이어트 만남 신천지 훈남 의정부 김밥 울주군 티팬티 
😀😀😀😀😀😀😀😀1
고액 재택알바 모집중
당일결제 10~30만원 
구매대행 알바 누구나가능
ㅜ상담㉸ㅌ:AMD13588"
1309191042755825664,2020-09-24 18:00:42+00:00,"이만희 개새끼 신천지는 날 걸러라
●자동트●"
1309190352729829376,2020-09-24 17:57:58+00:00,"얼레벌레 입덕계기 얘기하고  다시잘래
저는   대충 문특판타지아베베인데요
그전까지는 몬스타에  관심이없엇음  ..  ***신천지엿기때문에     ...... 근데도키씨가 제발 몬엑문특 보라고 뒤집어진다고해서  보다가 별안간 셔누씨한테    입덕을함  ..   정확히어떤포인트로입덕햇는지는 잘몰라요"
1309165151573209091,2020-09-24 16:17:49+00:00,트젠 옹호자들 하나같이 입만 열면 빡대가리 인증해서 웃기네. 좆빨러 of 좆빨러가 바로 트젠 쉴드치는 새끼들임. '고귀한 남성이 스스로 자지를 자르고 천한 여성이 되기를 택하다니... 무조건 숭배해야돼!' 대충 이런 정신상태인 듯. 신천지 저리가라야
1309145615130124288,2020-09-24 15:00:12+00:00,"소성할 곳의 사람들과 소성 받을 곳의 사람들을 생각해 본다. 이 둘은 분명한 차이가 있다. 그러니 소성을 하고, 소성을 받는 것이다. 소성의 재료가 말씀이라면, 말씀이 있고 없고의 차이가 있을 것이다. 현실 그대로다. 신천지는 말씀이 있고, 밖에는 없다."
1309144258629316612,2020-09-24 14:54:48+00:00,"#자캐가_죄를_저지르기_전에_누군가_신이_보고있다_라고_한다면

바다 : 이런걸 보고도 네가 존재한다고 말할 수 있어 개새끼야?

유윤 : 신천지이세요?"
1309143796849012741,2020-09-24 14:52:58+00:00,"병든 자와 죽는 자는 오늘도 많았고, 내일도 많을 것이며, 마지막 심판 때까지 계속해서 있을 것이다. 모두다 신천지로 오는 것은 아니기 때문이다. 그럼에도 우리는 안타까운 마음으로 소성의 일을 해야 한다. 다는 못살려도 노력한 만큼만은 살릴 것이기 때문이다."
1309143298817191937,2020-09-24 14:50:59+00:00,"김구라 고환암
김구라 발기부전
김구라 신천지
김구라 나잇메어
김구라 임신테스트기"
1309125503815737345,2020-09-24 13:40:17+00:00,신천지신문 훑어보니 여기도 정부공격에 가담했네. ㅉㅉ 개가 똥을 끊지.
1309121220370223107,2020-09-24 13:23:15+00:00,"다이어트 만남 신천지 훈남 의정부 김밥 울주군 티팬티 
😀😀😀😀😀😀😀😀1
고액 재택알바 모집중
당일결제 10~30만원 
구매대행 알바 누구나가능
ㅜ상담㉸ㅌ:AMD13588"
1309109269233635329,2020-09-24 12:35:46+00:00,시⃫발⃫ 힐줄랑말랑 신천지설ㅋㅋㅋㅋㅋㅋㅋㅋㅋㅋㅋㅋㅋㅋㅋㅋㅋㅋㅋㅋㅋㅋㅋㅋㅋㅋㅋㅋㅋㅋㅋㅋㅋㅋㅋㅋㅋㅋㅋㅋㅋㅋㅋㅋㅋㅋㅋㅋㅋㅋㅋㅋㅋㅋㅋㅋㅋㅋㅋ
1309107892251955200,2020-09-24 12:30:18+00:00,방금 건입에서 노고님닮은사람봐서 아는척할뻔(단숨에 신천지1되기)
1309094908196683784,2020-09-24 11:38:42+00:00,진짜 솔직하게 내가 왜 대학교 등록금을 내야되나 신천지 이태원 교회놈들이 내야지
1309094714084413440,2020-09-24 11:37:56+00:00,"다이어트 만남 신천지 훈남 의정부 김밥 울주군 티팬티 
😀😀😀😀😀😀😀😀1
고액 재택알바 모집중
당일결제 10~30만원 
구매대행 알바 누구나가능
ㅜ상담㉸ㅌ:AMD13588"
1309093850808561664,2020-09-24 11:34:30+00:00,나라에서 신천지랑 이태원이랑 교회 수금해갔음 좋겠다 그걸로 나 컴퓨터좀 사줘.......나 일주일에 외출도 한번 할까말까 하면서 극단적으로 외출 안하고있다고....
1309092165134544899,2020-09-24 11:27:48+00:00,대림 효성 내려놓으니 아주 그냥 신천지네. 라이더들이나 배달이나 심지어 대림효성 센터 사장님들까지 국산은 거르라고 말할 정도니. 메이커만 국산이고 실상은 국산도 아니라 함.
1309084954760970240,2020-09-24 10:59:09+00:00,"약 이천 년, 하나님의 독생자가 세상에 나타나셔서 새 역사를 시작했다. 그런데 세상은 변한 것이 없고 더 악하게 된 것처럼 보인다. 그러나 죄인 하나가 회개하고 하나님께로 돌아오는 일보다 큰 일이 있으랴. 이천 년 동안 기적은 이어져왔다. 이제 신천지까지 창조했으니 ~"
1309060382489706501,2020-09-24 09:21:31+00:00,엄마 불교 아빠 성당 친할머니 신천지 외가 불교사이비 니니 스파게티교 믿음
1309051396805865472,2020-09-24 08:45:48+00:00,하... 신천지 또 거리포교? 활동하네... 느그들은 바선생도 질렷다카면서 피해갈듯
1309042480197832704,2020-09-24 08:10:22+00:00,"몰라 근데 내가 ㄹㄹㅌ 입고다니면서 들은 말은

가족 : 18세기 서양 시골 처자같다
타인 1 : 코스프레인가요?
타인 2 : 타샤튜더를 좋아하시나요?
타인 3 : 종교믿으시나요? (꺼져 신천지

이거 잇엇음 트이따는 말을 하지않겟다 대충 뭐 좆빨러 소리 들음 ㅅㄱ"
1309042143760187392,2020-09-24 08:09:02+00:00,어물정모는ㅋ 모인사람들 얼굴이 죄다 너무너무선해보여서 안정감쩔엇다는거밖엔ㅋㅋㅌㅊㅊ 다같이 신천지끌려가도 거부못할인상들이엇다
1309028326351269888,2020-09-24 07:14:08+00:00,"일어 = 도쿄 신텐지
영어 = 도코 에덴
한국어 = 도쿄 신천지"
1309026093815533568,2020-09-24 07:05:15+00:00,"이 시국에도 신천지는 돌아다니며 대학생이냐고 묻고다니네요 미친것들 
이번엔 바로무시 성공해서 다행이닷 핳"
1309020325527592966,2020-09-24 06:42:20+00:00,오 쉬발 신천지 요새는 마사지 쿠폰 준다면서 접근하냐 너무 소름끼치네
1308998814309720070,2020-09-24 05:16:52+00:00,신천지 부·울·경 본부 이전 예정지는 '학교 밀집지역'
1308993358627512322,2020-09-24 04:55:11+00:00,"다이어트 만남 신천지 훈남 의정부 김밥 울주군 티팬티 
😀😀😀😀😀😀😀😀1
고액 재택알바 모집중
당일결제 10~30만원 
구매대행 알바 누구나가능
ㅜ상담㉸ㅌ:AMD13588"
1308993233041666049,2020-09-24 04:54:41+00:00,윗자리 높으신분들이 못잡고있어서 성범죄자꼬라지가 저지랄이겟니....시발 그럼 신천지며 슈퍼전파자는 어캐잡았게..? 그사람들도 일반인인데 어캐잡니.? 안잡는거지 시벌....
1308956692327985154,2020-09-24 02:29:29+00:00,"다이어트 만남 신천지 훈남 의정부 김밥 울주군 티팬티 
😀😀😀😀😀😀😀😀1
고액 재택알바 모집중
당일결제 10~30만원 
구매대행 알바 누구나가능
ㅜ상담㉸ㅌ:AMD13588"
1308954844846157824,2020-09-24 02:22:08+00:00,"문재인
사이비종교 교주가 되어버렸다
무섭다
신천지 욕할 것이 아니다
문재인교는 무섭다
우리 국민들 왜 이럴까
사이비종교 왜들 빠질까
민주당은 문재인교 신자들이 무서워 벌벌떤다
2차세계대전직전의 독일이다"
1308953561879912450,2020-09-24 02:17:02+00:00,큰집은 왤캐 제사에 목숨걸지.. 저번 신천지사태 났을때도 부르더만 이번에도 오라고하네
1308942530415910913,2020-09-24 01:33:12+00:00,"재명아!
하나만 하자.
니가 한말 행동이 뭔지도 모르지?
신천지는 왜 찾아갔니?"
1308926661078003712,2020-09-24 00:30:09+00:00,"다이어트 만남 신천지 훈남 의정부 김밥 울주군 티팬티 
😀😀😀😀😀😀😀😀1
고액 재택알바 모집중
당일결제 10~30만원 
구매대행 알바 누구나가능
ㅜ상담㉸ㅌ:AMD13588"
1308921269354729474,2020-09-24 00:08:43+00:00,"다이어트 만남 신천지 훈남 의정부 김밥 울주군 티팬티 
😀😀😀😀😀😀😀😀1
고액 재택알바 모집중
당일결제 10~30만원 
구매대행 알바 누구나가능
ㅜ상담㉸ㅌ:AMD13588"
1308920707754143744,2020-09-24 00:06:29+00:00,"다이어트 만남 신천지 훈남 의정부 김밥 울주군 티팬티 
😀😀😀😀😀😀😀😀1
고액 재택알바 모집중
당일결제 10~30만원 
구매대행 알바 누구나가능
ㅜ상담㉸ㅌ:AMD13588"
1308908606633500677,2020-09-23 23:18:24+00:00,"다이어트 만남 신천지 훈남 의정부 김밥 울주군 티팬티 
😀😀😀😀😀😀😀😀1
고액 재택알바 모집중
당일결제 10~30만원 
구매대행 알바 누구나가능
ㅜ상담㉸ㅌ:AMD13588"
1308903537716465665,2020-09-23 22:58:16+00:00,"세상의 그 어떤 것도 나는 관심 없소, 세상의 그 어떤 것도 나는 싫소. 나는 오직 내 아버지 하나님과 예수님을 모시고서 신천지 천국 낙원에서 사는 것이라오. 내 관심사와 소망과 기쁨은 오직 이것뿐이라오. 시간이 지날수록 더욱 더욱 간절해지오."
1308898091890880520,2020-09-23 22:36:37+00:00,"에덴동산은 지구에 있었다. 하나님이 사람들과 함께 하셨으며, 죽음이 없었다. 지상 천국이었다. 얼마나 좋았을까? 이를 회복한 것이 신천지이다. 하나님이 함께 계시고, 수정 같은 맑은 물이 흐르고, 생명나무들이 즐비하며, 다달이 열매를 맺는구나. 할렐루야~"
1308896231591215104,2020-09-23 22:29:14+00:00,"길한 일만 생각할 수도 없고, 흉한 일만 생각할 수도 없다. 이 두 가지가 함께 있으니, 길한 것도 생각하고, 흉한 것도 생각해야 한다. 죄로 인한 첫째 사망은 여전히 진행 중이다. 이에서 처음으로 해방받을 자들이 신천지 성도들이다. 속히 오라. 속히 오시옵소서. 할렐루야~"
1308895484690526209,2020-09-23 22:26:16+00:00,"다이어트 만남 신천지 훈남 의정부 김밥 울주군 티팬티 
😀😀😀😀😀😀😀😀1
고액 재택알바 모집중
당일결제 10~30만원 
구매대행 알바 누구나가능
ㅜ상담㉸ㅌ:AMD13588"
1308894487096299522,2020-09-23 22:22:18+00:00,"잠시 잠깐 겪는 상처도 이리 괴로운데, 영원한 고통을 어떻게 견딜까? 견딜 수 없다. 그저 고통만이 영원하리라. 이 저주에서 예수님의 피로 구속하신 아버지의 사랑에 진심으로 감사한다. 지구촌 사람들아, 신천지로 오라. 유황불못의 형벌을 용서받고 영생복락을 누리자."
1308892122683240448,2020-09-23 22:12:54+00:00,"덧입는 계절이 왔다. 하늘로부터 오는 처소를 덧입어 벗은 자로 발견되지 않기를 소망한다. 벗은 자로 살아감은 너무 고통스럽다. 신천지를 창조하신 아버지 하나님, 저희 몸을 변화시켜 주십시요. 불로불사의 몸이 되게 해 주십시요. 이를 위해 저희가 있습니다."
1308891491318849536,2020-09-23 22:10:24+00:00,"다이어트 만남 신천지 훈남 의정부 김밥 울주군 티팬티 
😀😀😀😀😀😀😀😀1
고액 재택알바 모집중
당일결제 10~30만원 
구매대행 알바 누구나가능
ㅜ상담㉸ㅌ:AMD13588"
1308885812868788224,2020-09-23 21:47:50+00:00,"다이어트 만남 신천지 훈남 의정부 김밥 울주군 티팬티 
😀😀😀😀😀😀😀😀1
고액 재택알바 모집중
당일결제 10~30만원 
구매대행 알바 누구나가능
ㅜ상담㉸ㅌ:AMD13588"
1308842024477569024,2020-09-23 18:53:50+00:00,"다이어트 만남 신천지 훈남 의정부 김밥 울주군 티팬티 
😀😀😀😀😀😀😀😀1
고액 재택알바 모집중
당일결제 10~30만원 
구매대행 알바 누구나가능
ㅜ상담㉸ㅌ:AMD13588"
1308839015731392514,2020-09-23 18:41:53+00:00,"신천지 이만희 교주 보아라 2

""반란을 준비 하라!!"" 가 아니고...

내부 ""반란에 대비 하라!!""

뭔 뜻인지 알아 들어야 한다."
1308838478420094978,2020-09-23 18:39:44+00:00,"신천지 이만희 보아라!!

이만희 교주..  2013년도 올래 KT 부천 지점...

거기에서..  휴대전화 관련..  어디로 가느냐??  라고 물어보고...

나한테..  내 명찰을 보고..  이경수 씨 ..  라고 하던 일 기억나냐??

그 이후..  나를 어떻게 보았느냐??

않좋게 보았다면..  현재, 이짝으로 붙은"
1308798383994236934,2020-09-23 16:00:25+00:00,"이만희 개새끼 신천지는 날 걸러라
●자동트●"
1308794603223437313,2020-09-23 15:45:24+00:00,"다이어트 만남 신천지 훈남 의정부 김밥 울주군 티팬티 
😀😀😀😀😀😀😀😀1
고액 재택알바 모집중
당일결제 10~30만원 
구매대행 알바 누구나가능
ㅜ상담㉸ㅌ:AMD13588"
1308760633383419905,2020-09-23 13:30:25+00:00,올해 초에 ㅋ메로나 별로 안 심할때 일본 가서 동인지랑 굿즈 사왔는데 진짜 다행임... 나 다녀오자마자 일본에서 한국인 입국금지 시켜서 집 못 돌아올 뻔 했음 한국에선 나 돌아오기 바로 며칠 전에 신천지 터지고... 진짜 일본 갈 수 있는 가장 끝시기에 잘 타서 간듯....
1308750581528322052,2020-09-23 12:50:28+00:00,"명절 부모님 만나기까지 포기하며 코로나 사태의 확산을 저지하려는데 대유행의 원흉인 신천지에 이어 원숭이 전광훈이가 사육하는 원숭이들이 2차 대유행을 만들어 코로나 종식이 요원해졌건만 이번연휴에 또 집회?이게 인간이 할짓인가?개독들이 문제다,토왜의 한집단인 개독집단,박멸해야할 기생충."
1308739417654214664,2020-09-23 12:06:07+00:00,"다이어트 만남 신천지 훈남 의정부 김밥 울주군 티팬티 
😀😀😀😀😀😀😀😀1
고액 재택알바 모집중
당일결제 10~30만원 
구매대행 알바 누구나가능
ㅜ상담㉸ㅌ:AMD13588"
1308737472625405952,2020-09-23 11:58:23+00:00,"코로나 초기에 신천지만 아니었다면......
얼마전에 전뭐시기 만 아니었다면......
바둑판 콘서트라도 가능했을지도 모르는데....🤦🏻‍♀️"
1308734652132204545,2020-09-23 11:47:10+00:00,"아빠 이해시키기
아빠 : 너가 편의점이고 카페 알바고 하다보면 아빠는 진상이 아니었다는 걸 알게될거야
나 : 아빠 그 신천지랑 사랑교회중에 신천지가 코로나 기부도 하고 했잖아 근데 둘 다 뭐야?
아빠 : 사이비지
나 : 그럼 아빠는?
아빠 : 진상이네"
1308733531552534531,2020-09-23 11:42:43+00:00,신천지께서 절 팔로우하셨네요?
1308726197849710593,2020-09-23 11:13:35+00:00,캐롤 ㄹ 안 뽑으면 일베신천지?..라네요 ㄷㄷ
1308724311637684224,2020-09-23 11:06:05+00:00,"다이어트 만남 신천지 훈남 의정부 김밥 울주군 티팬티 
😀😀😀😀😀😀😀😀1
고액 재택알바 모집중
당일결제 10~30만원 
구매대행 알바 누구나가능
ㅜ상담㉸ㅌ:AMD13588"
1308715014744715264,2020-09-23 10:29:08+00:00,"다이어트 만남 신천지 훈남 의정부 김밥 울주군 티팬티 
😀😀😀😀😀😀😀😀1
고액 재택알바 모집중
당일결제 10~30만원 
구매대행 알바 누구나가능
ㅜ상담㉸ㅌ:AMD13588"
1308713074933641216,2020-09-23 10:21:26+00:00,저 롯데리아 알바 답글 단 원문 볼려고 들어갔다가 내가 차단한 사람이라길래 언제 차단했는지 생각해보니 신천지 체인 먹였을때 차단한듯
1308713059309899777,2020-09-23 10:21:22+00:00,수봉애인은 수봉이가 신천지 빠져도 이해할거래
1308704452556156929,2020-09-23 09:47:10+00:00,"다이어트 만남 신천지 훈남 의정부 김밥 울주군 티팬티 
😀😀😀😀😀😀😀😀1
고액 재택알바 모집중
당일결제 10~30만원 
구매대행 알바 누구나가능
ㅜ상담㉸ㅌ:AMD13588"
1308704130274271234,2020-09-23 09:45:53+00:00,"다이어트 만남 신천지 훈남 의정부 김밥 울주군 티팬티 
😀😀😀😀😀😀😀😀1
고액 재택알바 모집중
당일결제 10~30만원 
구매대행 알바 누구나가능
ㅜ상담㉸ㅌ:AMD13588"
1308697937329881088,2020-09-23 09:21:17+00:00,"신기하게도:

위기가 오면 썩은 곳이 가장 먼저 무너집니다.

신천지, 개신교, 전광훈, 삼성 이재용 곧망이라고 보면 됩니다"
1308686701888450560,2020-09-23 08:36:38+00:00,"다이어트 만남 신천지 훈남 의정부 김밥 울주군 티팬티 
😀😀😀😀😀😀😀😀1
고액 재택알바 모집중
당일결제 10~30만원 
구매대행 알바 누구나가능
ㅜ상담㉸ㅌ:AMD13588"
1308682847381716998,2020-09-23 08:21:19+00:00,"신천지나 사이비는 신기한게 어쩜 그리도 만만해보이는 인상은 (마스크 끼고있어도) 알아보는걸까.... ㅋㅋㅋㅋㅋㅋㅋ    방금전에도 길물어볼것처럼  영업 목소리로 말 질질끌면서 ""저기요~뭐물어볼거 있는데요~"" 하길래 눈도 마주치지않고 안녕히가세요 하고 대답해줌..."
1308680925815873537,2020-09-23 08:13:41+00:00,"계시록이 온 인류에게 참으로 중요한 이유는 계시록이 성취됨으로 사람에게 죄와 사망을 가져다 주던 마귀가 없어지고, 하나님의 구원과 
영원한 생명이 있는 하나님나라 신천지 천국이 이루어지고 있으니 속히 이곳으로 오라는 것입니다!"
1308680331793330176,2020-09-23 08:11:19+00:00,신천지 새1끼들 살림 폈나보더라? 자원봉사 사업이라면서 영업장 방역해준다고 하는 거 건물 자체적으로 하는 중이라 필요 없다고 깜 이웃 동료 사장님들 제가 걸러드렸습니다 평소의 감사 이렇게 돌립니다
1308675981226291202,2020-09-23 07:54:02+00:00,신천지 맨날 출근길목 순회하네
1308661215367819264,2020-09-23 06:55:22+00:00,"내 몸이 아프니, 신천지 안에서 아픈 사람 생각이 절로 난다. 얼마나 힘들겠나? 난 인내심이 극강해서 뭐든 잘 이겨낸다. 죽을 만큼 힘든 영과 육의 고통에서 여러 번 벗어났다. 속히 고통 없는 천국이 왔으면 좋겠다. 그 때가 지금인 것이 기쁘다. 사망의 고통에서 해방되리라."
1308651915056537600,2020-09-23 06:18:24+00:00,"다이어트 만남 신천지 훈남 의정부 김밥 울주군 티팬티 
😀😀😀😀😀😀😀😀1
고액 재택알바 모집중
당일결제 10~30만원 
구매대행 알바 누구나가능
ㅜ상담㉸ㅌ:AMD13588"
1308648695479451648,2020-09-23 06:05:37+00:00,신천지는 오해의 소지가 깊으닉가 깊티클로스 따비따비라고 하자 깊티클로스는 모든 것을 알고계신대
1308639740443287552,2020-09-23 05:30:02+00:00,"이만희 신천지를 이단취급하는건
교리가 달라서가 아니라
신천지 교리 바이블을 근거로 만들어진거임

기존 교회당 대상으로 추수하기 때문이였음

전광훈은 
부흥 전문
기존 교회당 확장에 도움주고
즈그들이 나서기 어려운 집회 시위를 대신 주도하고
대변해줬기에
이단 정죄하긴 불가능에 가까움
ㅋ"
1336163620833529856,2020-12-08 04:20:06+00:00,요즘 코로나 때문에 헬스도 못하니 뱃살 다시 나오는 듯ㅠㅠ 그래서 식단 관리라도 하려고 단백질쉐이크 챙겨 먹고 있는데 이거 진짜 괜찮네요. 포만감이 오래가서 자기 전까지 안배고픔;; 물이랑도 잘 섞이고 맛도 존맛ㅋㅋ 지금 세일하니까 필요한 사람 ㄱㄱ
1308635759155445760,2020-09-23 05:14:12+00:00,"아 진짜 갈수록 욕을 더 하게 된다.......
아 신천지, 아 집회, 아 코로롱!!!!!!!!!!!!!!!!!!!!!!"
1308635727169642498,2020-09-23 05:14:05+00:00,"다이어트 만남 신천지 훈남 의정부 김밥 울주군 티팬티 
😀😀😀😀😀😀😀😀1
고액 재택알바 모집중
당일결제 10~30만원 
구매대행 알바 누구나가능
ㅜ상담㉸ㅌ:AMD13588"
1308631571759472641,2020-09-23 04:57:34+00:00,"내가 엔프제임을 알고 교류하는 상대의 장점은
호의를 보였을때 의심하거나 이상하게 생각하진 않겠다는 점..
가끔 내가 신천지라고 생각하지 않을까 싶거든요 ㅋㅋㅋ"
1308621004470534145,2020-09-23 04:15:35+00:00,"트위터에 사상정치질 하러 온 인간들 더럽게 많네
아 쫌... 신천지계정이나 정치틀딱들이나 트랜스뫄뫄닉 쓰는 애들이나 안쓰럽기도 안쓰러운데 일단 트윗 싸지르는 거 보고있으면 개꼴받아 블락해도 맨날어디선가 새로운게 쳐기어나와 제발 계정 그만 만들어 쫌!"
1308619527471558656,2020-09-23 04:09:42+00:00,"정치 성향 막론하고 그냥 정은경 본부장님은 짱이고 신천지, 사랑제일교회는 비읍시옷이다"
1308614806006505474,2020-09-23 03:50:57+00:00,"다이어트 만남 신천지 훈남 의정부 김밥 울주군 티팬티 
😀😀😀😀😀😀😀😀1
고액 재택알바 모집중
당일결제 10~30만원 
구매대행 알바 누구나가능
ㅜ상담㉸ㅌ:AMD13588"
1308612815721127937,2020-09-23 03:43:02+00:00,"다이어트 만남 신천지 훈남 의정부 김밥 울주군 티팬티 
😀😀😀😀😀😀😀😀1
고액 재택알바 모집중
당일결제 10~30만원 
구매대행 알바 누구나가능
ㅜ상담㉸ㅌ:AMD13588"
1308612187003351042,2020-09-23 03:40:32+00:00,"K방역에서 진정 영웅은 의료진들과 역학조사관들과 말단공무원들이다
신천지 사랑교회에서 벌금 받으믄 그분들 소고기 사 드려라 애먼 새끼들이 그분들 노고 스틸하는 걸 보면 피꺼솟이다🔥🔥🔥🔥🔥"
1308606359806517248,2020-09-23 03:17:23+00:00,"다이어트 만남 신천지 훈남 의정부 김밥 울주군 티팬티 
😀😀😀😀😀😀😀😀1
고액 재택알바 모집중
당일결제 10~30만원 
구매대행 알바 누구나가능
ㅜ상담㉸ㅌ:AMD13588"
1308601772806561793,2020-09-23 02:59:09+00:00,"신천지에서 젊은 사람 포섭할 때 엄청 까다롭게 교리 시험을 본다던데 그것도 생각난다. '시험을 통해 자신의 능력을 입증하고 사회적으로 인정받아야 한다'는 마인드셋을 갖고 있는 사람에게 본인이 자발적으로 받아들일 수 있는 검증 절차를 제시함으로써, 조직에 대한 충성심을 내면화하는 거지."
1308598733269954560,2020-09-23 02:47:05+00:00,ㅋㅋㅋㅋㅋㅋㅋㅋㅋ신천지랑 사랑교회 수준이네
1308594747716509696,2020-09-23 02:31:15+00:00,"대구, 신천지 그리고 전광훈의 시랑제일교회 그리고 새누리당만 없었어도 대한민국에 코로나 사태는 없었을 것이다"
1308587463372238848,2020-09-23 02:02:18+00:00,신천지가 약자는 아니자네?
1308580663029690368,2020-09-23 01:35:16+00:00,"'Dynamite' Official MV : 389,296,104
'Black Swan' Official MV : 171,463,486

🤔UN_종전선언...

팬데믹의 순기능
1.환경
2.국지전 중단
(물론 새로운 전쟁이 시작도 되긴했음_신천지+구천지 처럼 정치과 합쳐진 종교들..이상한 왕조...땅따먹기..)

#KCAMexico #ARMY #OnBTS 
@BTS_twt"
1308571822380601344,2020-09-23 01:00:09+00:00,"다이어트 만남 신천지 훈남 의정부 김밥 울주군 티팬티 
😀😀😀😀😀😀😀😀1
고액 재택알바 모집중
당일결제 10~30만원 
구매대행 알바 누구나가능
ㅜ상담㉸ㅌ:AMD13588"
1308554682441162754,2020-09-22 23:52:02+00:00,"다이어트 만남 신천지 훈남 의정부 김밥 울주군 티팬티 
😀😀😀😀😀😀😀😀1
고액 재택알바 모집중
당일결제 10~30만원 
구매대행 알바 누구나가능
ㅜ상담㉸ㅌ:AMD13588"
1308553151507656705,2020-09-22 23:45:57+00:00,"다이어트 만남 신천지 훈남 의정부 김밥 울주군 티팬티 
😀😀😀😀😀😀😀😀1
고액 재택알바 모집중
당일결제 10~30만원 
구매대행 알바 누구나가능
ㅜ상담㉸ㅌ:AMD13588"
1308547795658317825,2020-09-22 23:24:40+00:00,와 뭐냐 진짜로 1년을 코로나랑 같이 보냈어? 신천지 썅놈새끼들 진짜
1308535425133195265,2020-09-22 22:35:31+00:00,"다이어트 만남 신천지 훈남 의정부 김밥 울주군 티팬티 
😀😀😀😀😀😀😀😀1
고액 재택알바 모집중
당일결제 10~30만원 
구매대행 알바 누구나가능
ㅜ상담㉸ㅌ:AMD13588"
1308524002193760256,2020-09-22 21:50:07+00:00,"다이어트 만남 신천지 훈남 의정부 김밥 울주군 티팬티 
😀😀😀😀😀😀😀😀1
고액 재택알바 모집중
당일결제 10~30만원 
구매대행 알바 누구나가능
ㅜ상담㉸ㅌ:AMD13588"
1308521448948916224,2020-09-22 21:39:59+00:00,"구약 예언대로 아버지의 독생자 예수님의 피로 새 언약을 하셨고, 그대로 창조한 신천지 예수교 증거장막 성전 열 두 지파의 하나님, 아버지의 사랑 형언할 길이 없사옵니다. 오늘도 만백성을 긍휼히 여기시되 특히, 자녀들의 정신과 육체를 강건하게 보살펴 주시옵소서."
1308519111870177280,2020-09-22 21:30:42+00:00,"다이어트 만남 신천지 훈남 의정부 김밥 울주군 티팬티 
😀😀😀😀😀😀😀😀1
고액 재택알바 모집중
당일결제 10~30만원 
구매대행 알바 누구나가능
ㅜ상담㉸ㅌ:AMD13588"
1308517702537936896,2020-09-22 21:25:06+00:00,전쟁에 있어 확실히 병사는 소모품입니다. 허나 나라의 기본이 되는 백성을 가볍게 여기는 국가는 머지않아 결국은 망하겠지요. 신천지를 손에 넣어도 씨앗을 잃어서는 번영 같은 걸 꿈꿀 수 있겠습니까?
1308516769439444993,2020-09-22 21:21:23+00:00,"다이어트 만남 신천지 훈남 의정부 김밥 울주군 티팬티 
😀😀😀😀😀😀😀😀1
고액 재택알바 모집중
당일결제 10~30만원 
구매대행 알바 누구나가능
ㅜ상담㉸ㅌ:AMD13588"
1308504090033307648,2020-09-22 20:31:00+00:00,"다이어트 만남 신천지 훈남 의정부 김밥 울주군 티팬티 
😀😀😀😀😀😀😀😀1
고액 재택알바 모집중
당일결제 10~30만원 
구매대행 알바 누구나가능
ㅜ상담㉸ㅌ:AMD13588"
1308498654999777280,2020-09-22 20:09:24+00:00,엄마 또 신천지에서 어케 나오지 존나 그러고 잇음 ㅅㅂ 들어서 우짤 그거 들어서 됐으면 20년전에 됏겟다
1308490687067774977,2020-09-22 19:37:45+00:00,"다이어트 만남 신천지 훈남 의정부 김밥 울주군 티팬티 
😀😀😀😀😀😀😀😀1
고액 재택알바 모집중
당일결제 10~30만원 
구매대행 알바 누구나가능
ㅜ상담㉸ㅌ:AMD13588"
1308485413489704960,2020-09-22 19:16:47+00:00,"다이어트 만남 신천지 훈남 의정부 김밥 울주군 티팬티 
😀😀😀😀😀😀😀😀1
고액 재택알바 모집중
당일결제 10~30만원 
구매대행 알바 누구나가능
ㅜ상담㉸ㅌ:AMD13588"
1308478102645817344,2020-09-22 18:47:44+00:00,"다이어트 만남 신천지 훈남 의정부 김밥 울주군 티팬티 
😀😀😀😀😀😀😀😀1
고액 재택알바 모집중
당일결제 10~30만원 
구매대행 알바 누구나가능
ㅜ상담㉸ㅌ:AMD13588"
1308469085110370304,2020-09-22 18:11:54+00:00,정신 좀 차려 이 양반아! 너 그러다 나가서 막 보험사기 당하고 다단계 끌려가고 신천지 가입하고 그러는 거야!
1308465330885332994,2020-09-22 17:56:59+00:00,"다이어트 만남 신천지 훈남 의정부 김밥 울주군 티팬티 
😀😀😀😀😀😀😀😀1
고액 재택알바 모집중
당일결제 10~30만원 
구매대행 알바 누구나가능
ㅜ상담㉸ㅌ:AMD13588"
1308464889078280193,2020-09-22 17:55:14+00:00,"다이어트 만남 신천지 훈남 의정부 김밥 울주군 티팬티 
😀😀😀😀😀😀😀😀1
고액 재택알바 모집중
당일결제 10~30만원 
구매대행 알바 누구나가능
ㅜ상담㉸ㅌ:AMD13588"
1308460178803535874,2020-09-22 17:36:31+00:00,"다이어트 만남 신천지 훈남 의정부 김밥 울주군 티팬티 
😀😀😀😀😀😀😀😀1
고액 재택알바 모집중
당일결제 10~30만원 
구매대행 알바 누구나가능
ㅜ상담㉸ㅌ:AMD13588"
1308444247171850240,2020-09-22 16:33:12+00:00,"다이어트 만남 신천지 훈남 의정부 김밥 울주군 티팬티 
😀😀😀😀😀😀😀😀1
고액 재택알바 모집중
당일결제 10~30만원 
구매대행 알바 누구나가능
ㅜ상담㉸ㅌ:AMD13588"
1308440834161876993,2020-09-22 16:19:39+00:00,"다이어트 만남 신천지 훈남 의정부 김밥 울주군 티팬티 
😀😀😀😀😀😀😀😀1
고액 재택알바 모집중
당일결제 10~30만원 
구매대행 알바 누구나가능
ㅜ상담㉸ㅌ:AMD13588"
1308436048402288640,2020-09-22 16:00:38+00:00,유미히스... 이거 완전 신천지 커플이네요 거기는 동성애가 죄악이 아닌가보죠?
1308435793141145600,2020-09-22 15:59:37+00:00,"다이어트 만남 신천지 훈남 의정부 김밥 울주군 티팬티 
😀😀😀😀😀😀😀😀1
고액 재택알바 모집중
당일결제 10~30만원 
구매대행 알바 누구나가능
ㅜ상담㉸ㅌ:AMD13588"
1308434069508640774,2020-09-22 15:52:46+00:00,"다이어트 만남 신천지 훈남 의정부 김밥 울주군 티팬티 
😀😀😀😀😀😀😀😀1
고액 재택알바 모집중
당일결제 10~30만원 
구매대행 알바 누구나가능
ㅜ상담㉸ㅌ:AMD13588"
1308433510353399809,2020-09-22 15:50:33+00:00,"다이어트 만남 신천지 훈남 의정부 김밥 울주군 티팬티 
😀😀😀😀😀😀😀😀1
고액 재택알바 모집중
당일결제 10~30만원 
구매대행 알바 누구나가능
ㅜ상담㉸ㅌ:AMD13588"
1308428503776329730,2020-09-22 15:30:39+00:00,박지송싫어하면일베신천지
1308427422669266946,2020-09-22 15:26:21+00:00,"다이어트 만남 신천지 훈남 의정부 김밥 울주군 티팬티 
😀😀😀😀😀😀😀😀1
고액 재택알바 모집중
당일결제 10~30만원 
구매대행 알바 누구나가능
ㅜ상담㉸ㅌ:AMD13588"
1308411396175077379,2020-09-22 14:22:40+00:00,"아직도 저 바밸론에서 참 하나님을 찾아 헤매는 영혼들이 많다. 험악한 산과 강이 막아서 오지 못하고 있다. 먼저 온 신천지인이 구출해야 한다.  이천 년 간 씨를 뿌렸는데, 얼마나 많겠는가? 이제 겨우 첫 얄매를 모았을 뿐이다. 구원의 은혜를 신나게 전해보자."
1308406239915900934,2020-09-22 14:02:11+00:00,"아이돌 빠순이 하면서 비하하는거 ㅈㄴ 싫어하지만 멍청한 것들한텐 그래도 할말없다
이시국에 신천지 욕하고 클럽충 욕하고 교회집회 욕할 자격도 없어 저런애들은"
1308403502062813184,2020-09-22 13:51:18+00:00,"다이어트 만남 신천지 훈남 의정부 김밥 울주군 티팬티 
😀😀😀😀😀😀😀😀1
고액 재택알바 모집중
당일결제 10~30만원 
구매대행 알바 누구나가능
ㅜ상담㉸ㅌ:AMD13588"
1308396053859692545,2020-09-22 13:21:42+00:00,"다이어트 만남 신천지 훈남 의정부 김밥 울주군 티팬티 
😀😀😀😀😀😀😀😀1
고액 재택알바 모집중
당일결제 10~30만원 
구매대행 알바 누구나가능
ㅜ상담㉸ㅌ:AMD13588"
1308394754095210496,2020-09-22 13:16:32+00:00,"다이어트 만남 신천지 훈남 의정부 김밥 울주군 티팬티 
😀😀😀😀😀😀😀😀1
고액 재택알바 모집중
당일결제 10~30만원 
구매대행 알바 누구나가능
ㅜ상담㉸ㅌ:AMD13588"
1308385505923330050,2020-09-22 12:39:47+00:00,"다이어트 만남 신천지 훈남 의정부 김밥 울주군 티팬티 
😀😀😀😀😀😀😀😀1
고액 재택알바 모집중
당일결제 10~30만원 
구매대행 알바 누구나가능
ㅜ상담㉸ㅌ:AMD13588"
1308371226927067136,2020-09-22 11:43:03+00:00,"다이어트 만남 신천지 훈남 의정부 김밥 울주군 티팬티 
😀😀😀😀😀😀😀😀1
고액 재택알바 모집중
당일결제 10~30만원 
구매대행 알바 누구나가능
ㅜ상담㉸ㅌ:AMD13588"
1308360967248465920,2020-09-22 11:02:17+00:00,"다이어트 만남 신천지 훈남 의정부 김밥 울주군 티팬티 
😀😀😀😀😀😀😀😀1
고액 재택알바 모집중
당일결제 10~30만원 
구매대행 알바 누구나가능
ㅜ상담㉸ㅌ:AMD13588"
1308360085786120193,2020-09-22 10:58:47+00:00,"이시국에도 신천지가 돌아다니냐 시바ㄹ
길 다가르쳐주고 근데 저기요 인상이 하면 더빡쳐 안빡쳐 마스크썼는데 무슨 인상이 뭐 si발"
1308357744336855040,2020-09-22 10:49:29+00:00,"다이어트 만남 신천지 훈남 의정부 김밥 울주군 티팬티 
😀😀😀😀😀😀😀😀1
고액 재택알바 모집중
당일결제 10~30만원 
구매대행 알바 누구나가능
ㅜ상담㉸ㅌ:AMD13588"
1308355574795436032,2020-09-22 10:40:51+00:00,"그렇게 욕을 하던 신천지 사람들이 변화해서 장수하는 모습을 보면, 얼마나 신천지에 들어오고 싶어할까? 분명히 그럴 것이다. 그럴러면 죄를 씻고서 의인이 돼야 한다. 이게 결코 쉽지 않을 일이다. 죄를 씻고 아버지께 인정받은 만큼 수명도 늘어나리라."
1308353537156415489,2020-09-22 10:32:45+00:00,"무비는 유환이요, 유비는 무환이라. 앞으로 어떤 세상이 전개될지를 너무나 잘 알고 있고 또 무엇을 준비해야 할지도 너무나 잘 알고 있다. 천국 신천지에서 영생하겠다고 꾸역꾸역 몰려들리라. 그렇다면 준비해야 할 일은 뻔하지 않나? 감당 못하면 탈락이다."
1308348829603786757,2020-09-22 10:14:03+00:00,"다이어트 만남 신천지 훈남 의정부 김밥 울주군 티팬티 
😀😀😀😀😀😀😀😀1
고액 재택알바 모집중
당일결제 10~30만원 
구매대행 알바 누구나가능
ㅜ상담㉸ㅌ:AMD13588"
1308346346219339779,2020-09-22 10:04:11+00:00,"그 날에 그 곳에는 고통과 죽음이 없다고 했다. 이는 예수님의 피로 약속한 세계이다. 약속한 그 날이 지금이며, 약속한 그 곳이 현재의 신천지 열 두 지파이다. 감개무량하다. 이 사랑과 은혜를 어떻게 무엇으로 보답할까? 우리 아버지 하나님 감사합니다."
1308334385733664768,2020-09-22 09:16:39+00:00,"명동 신천지 활보 오지네 ㅋㅋ 사람 없다고 길 한복판에서 오는사람 다 붙잡음 ㅋㅋ 개웃겨 

안녕하세요~
(끄덕)
외국사람이세요?
(끄덕) 

ㅋㅋㅋㅋㅋㅋㅋ 한글 질문을 알아듣는 외국 사람됨 ㅋㅋ"
1308331019800469504,2020-09-22 09:03:17+00:00,"다이어트 만남 신천지 훈남 의정부 김밥 울주군 티팬티 
😀😀😀😀😀😀😀😀1
고액 재택알바 모집중
당일결제 10~30만원 
구매대행 알바 누구나가능
ㅜ상담㉸ㅌ:AMD13588"
1308330345415106560,2020-09-22 09:00:36+00:00,"다이어트 만남 신천지 훈남 의정부 김밥 울주군 티팬티 
😀😀😀😀😀😀😀😀1
고액 재택알바 모집중
당일결제 10~30만원 
구매대행 알바 누구나가능
ㅜ상담㉸ㅌ:AMD13588"
1308314518217347077,2020-09-22 07:57:43+00:00,"큰엄마에 딸, 아들, 형부까지 신천지 다니는거 뻔히 아는데, 굳이 내가 명절에 서울을 가야하나? 아버지 한테 이야기헸더니 그 언니 아기키운다고 맨날 친가에 온다는데. 그래서 이제 안다닐거라니. 사이비를 너무 쉽게 생각하시네? 가족 전체가 우르르 서울가는것도 위험한데 그깟 명절이 뭐라고."
1308312626024165377,2020-09-22 07:50:11+00:00,"나 계정에서 별거 안한거 같은데;;
다시 신천지니 부동산이니  변태니 뭐니 
엄청 나를 팔로 하고있어서  천천히 블언블 하고 있음
혹시라도  자물쇠 채우시고 저를 팔로하신분들중에
제가 언팔하신분이 있다면 직접 멘션 주세요
자물쇠 채우시고 저를 팔로하신분들은 천천히 제가
인사를 드립니다."
1308303924982554628,2020-09-22 07:15:37+00:00,신천지를 즉각 해체시키고 사이비 이단교주 이만희를 역사의 심판으로 처단시키는 것도 필요합니다. 문재인씨가 특정집단에 전염병 확산의 책임전가하는 극악무도한 태도에 대해서도 주님의 심판이 임하도록 하시고 문재인씨의 천박한 태도에 주님의 심판과 응징이 임하도록 하여주시옵소서. 아멘 아멘
1308303625978916864,2020-09-22 07:14:26+00:00,신천지를 즉각 해체시키고 사이비 이단교주 이만희를 역사의 심판으로 처단시키는 것도 필요한 시기입니다. 문재인씨가 특정집단에 전염병 확산의 책임전가하는 극악무도한 태도에 대해서도 주님의 심판이 임하도록 하시고 문재인씨의 천박한 태도에 주님의 심판과 응징이 임하도록 하여주시옵소서.
1308303460488474624,2020-09-22 07:13:46+00:00,신천지를 즉각 해체시키고 사이비 이단교주 이만희를 역사의 심판으로 처단시키는 것도 매우 필요합니다. 문재인씨가 특정집단에 전염병 확산의 책임전가하는 극악무도한 태도에 대해서도 주님의 심판이 임하도록 하시고 문재인씨의 천박한 태도에 주님의 심판과 응징이 임하도록 하여주시옵소서. 아멘
1308303263339409409,2020-09-22 07:12:59+00:00,신천지를 즉각 해체시키고 사이비 이단교주 이만희를 역사의 심판으로 처단시키는 것도 매우 필요한 시기입니다 문재인씨가 특정집단에 전염병 확산의 책임전가하는 극악무도한 태도에 대해서도 주님의 심판이 임하도록 하시고 문재인씨의 천박한 태도에 주님의 심판과 응징이 임하도록 하여주시옵소서
1308302947554484226,2020-09-22 07:11:44+00:00,신천지를 즉각 해체시키고 사이비 이단교주 이만희를 역사의 심판으로 처단시키는 것도 필요하다고 저는 생각합니다. 문재인씨가 특정집단에 전염병 확산의 책임전가하는 극악무도한 태도에 대해서도 주님의 심판이 임하시고 문재인씨의 천박한 태도에 주님의 심판과 응징이 임하도록 하여주시옵소서.
1308302635380867077,2020-09-22 07:10:30+00:00,신천지를 즉각 해체시키고 사이비 이단교주 이만희를 역사의 심판으로 처단시키는 것도 필요한 시기라고 저는 생각합니다 문재인씨가 특정집단에 전염병 확산의 책임전가하는 극악무도한 태도에 대해서도 주님의 심판이 임하도록 하시고 문재인씨의 천박한 태도에 주님의 심판과 응징이 임하여 주소서.
1308302374230831106,2020-09-22 07:09:27+00:00,신천지를 즉각 해체시키고 사이비 이단교주 이만희를 역사의 심판으로 처단시키는 것도 매우 필요하다고 저는 생각합니다 문재인씨가 특정집단에 전염병 확산의 책임전가하는 극악무도한 태도에 대해서 주님의 심판이 임하도록 하시고 문재인씨의 천박한 태도에 주님의 심판과 응징이 임하도록 하소서.
1308302261076983810,2020-09-22 07:09:00+00:00,"다이어트 만남 신천지 훈남 의정부 김밥 울주군 티팬티 
😀😀😀😀😀😀😀😀1
고액 재택알바 모집중
당일결제 10~30만원 
구매대행 알바 누구나가능
ㅜ상담㉸ㅌ:AMD13588"
1308302035725348866,2020-09-22 07:08:07+00:00,신천지를 즉각 해체시키고 사이비 이단교주 이만희를 역사의 심판으로 처단시키는 것도 매우 필요한 시기라고 저는 생각합니다. 문재인씨가 특정집단에 전염병 확산의 책임전가하는 극악무도한 태도에 대해서도 주님의 심판이 임하도록 하시고 문재인씨의 천박한 태도에 주님의 심판과 응징이 임하소서
1308294221372088323,2020-09-22 06:37:03+00:00,"다이어트 만남 신천지 훈남 의정부 김밥 울주군 티팬티 
😀😀😀😀😀😀😀😀1
고액 재택알바 모집중
당일결제 10~30만원 
구매대행 알바 누구나가능
ㅜ상담㉸ㅌ:AMD13588"
1308293358847107073,2020-09-22 06:33:38+00:00,"다이어트 만남 신천지 훈남 의정부 김밥 울주군 티팬티 
😀😀😀😀😀😀😀😀1
고액 재택알바 모집중
당일결제 10~30만원 
구매대행 알바 누구나가능
ㅜ상담㉸ㅌ:AMD13588"
1308292056918360065,2020-09-22 06:28:27+00:00,"사이비라는 말이 싫은거에요? 사이비, 완전 사이비. 세계제일 사이비. 거짓말쟁이. 구라뻥쟁이. 공방에 데려가준다고 했던것도 구라였죠? 그 정체를 알 수 없는 사이비 종교에 데려갈 생각이었던거였죠? 마치 신천지 처럼?"
1308281792294563841,2020-09-22 05:47:40+00:00,"다이어트 만남 신천지 훈남 의정부 김밥 울주군 티팬티 
😀😀😀😀😀😀😀😀1
고액 재택알바 모집중
당일결제 10~30만원 
구매대행 알바 누구나가능
ㅜ상담㉸ㅌ:AMD13588"
1308281576355106816,2020-09-22 05:46:49+00:00,ㄹㅇㅋㅋㅋ여자가 말건다???무조건 신천지임
1308275808285331457,2020-09-22 05:23:53+00:00,"다이어트 만남 신천지 훈남 의정부 김밥 울주군 티팬티 
😀😀😀😀😀😀😀😀1
고액 재택알바 모집중
당일결제 10~30만원 
구매대행 알바 누구나가능
ㅜ상담㉸ㅌ:AMD13588"
1308275124966227968,2020-09-22 05:21:11+00:00,"다이어트 만남 신천지 훈남 의정부 김밥 울주군 티팬티 
😀😀😀😀😀😀😀😀1
고액 재택알바 모집중
당일결제 10~30만원 
구매대행 알바 누구나가능
ㅜ상담㉸ㅌ:AMD13588"
1308272920939040768,2020-09-22 05:12:25+00:00,"다이어트 만남 신천지 훈남 의정부 김밥 울주군 티팬티 
😀😀😀😀😀😀😀😀1
고액 재택알바 모집중
당일결제 10~30만원 
구매대행 알바 누구나가능
ㅜ상담㉸ㅌ:AMD13588"
1308255107725713408,2020-09-22 04:01:38+00:00,"이만희 개새끼 신천지는 날 걸러라
●자동트●"
1308249997557682178,2020-09-22 03:41:20+00:00,"다이어트 만남 신천지 훈남 의정부 김밥 울주군 티팬티 
😀😀😀😀😀😀😀😀1
고액 재택알바 모집중
당일결제 10~30만원 
구매대행 알바 누구나가능
ㅜ상담㉸ㅌ:AMD13588"
1308244434669072386,2020-09-22 03:19:13+00:00,"다이어트 만남 신천지 훈남 의정부 김밥 울주군 티팬티 
😀😀😀😀😀😀😀😀1
고액 재택알바 모집중
당일결제 10~30만원 
구매대행 알바 누구나가능
ㅜ상담㉸ㅌ:AMD13588"
1308242130205204485,2020-09-22 03:10:04+00:00,"다이어트 만남 신천지 훈남 의정부 김밥 울주군 티팬티 
😀😀😀😀😀😀😀😀1
고액 재택알바 모집중
당일결제 10~30만원 
구매대행 알바 누구나가능
ㅜ상담㉸ㅌ:AMD13588"
1308238235177381889,2020-09-22 02:54:35+00:00,"다이어트 만남 신천지 훈남 의정부 김밥 울주군 티팬티 
😀😀😀😀😀😀😀😀1
고액 재택알바 모집중
당일결제 10~30만원 
구매대행 알바 누구나가능
ㅜ상담㉸ㅌ:AMD13588"
1308238061986172928,2020-09-22 02:53:54+00:00,특혜휴가관련 추미애장관 아들 자택과 사무실을 압수수색 했다고 합니다. 신천지들 코로나19로 난리법석 피울때도 경찰이 압수수색 영장 청구한걸 거절했던 검찰이 꼴랑 이딴걸로 압수수색 영장을 청구하고 법원은 또 이걸 발부합니다. 이런 검찰과 법원을 어떻게 신뢰할수 있습니까?윤짜장은 물러나라
1308237801759023105,2020-09-22 02:52:52+00:00,여자아니면 잘생긴 남자만 받습니다 이거 그건가? 번호계속 달라는게 신천진가? ㅅㅂ 신천지구나
1308235538214711296,2020-09-22 02:43:52+00:00,전광훈이가 이단이 아니라면 개신교 전체가 이단이란 말이겠지. 이제 모든 교회는 신천지나 구원파랑 동급.
1308235168486797313,2020-09-22 02:42:24+00:00,"다이어트 만남 신천지 훈남 의정부 김밥 울주군 티팬티 
😀😀😀😀😀😀😀😀1
고액 재택알바 모집중
당일결제 10~30만원 
구매대행 알바 누구나가능
ㅜ상담㉸ㅌ:AMD13588"
1308227990250123265,2020-09-22 02:13:53+00:00,진짜 미친 인간들인거 같다 그냥 광신도 저런 사람도 신천지 욕햇겟지
1308226482829836289,2020-09-22 02:07:53+00:00,"다이어트 만남 신천지 훈남 의정부 김밥 울주군 티팬티 
😀😀😀😀😀😀😀😀1
고액 재택알바 모집중
당일결제 10~30만원 
구매대행 알바 누구나가능
ㅜ상담㉸ㅌ:AMD13588"
1308226049033945088,2020-09-22 02:06:10+00:00,내가 무너지면 신천지도 무너진다고 생각해야 한다. 조금도 흔들리지 말고 자리를 굳건히 지켜야 한다. 잘못된 천지를 뒤바꾸고 새천지를 창조하는 일을 함에 어찌 사사로움이나 물러남이 있겠는가? 금강석 같은 단단한 생명력으로 줄기차게 전진하자.
1308220191952658433,2020-09-22 01:42:53+00:00,"다이어트 만남 신천지 훈남 의정부 김밥 울주군 티팬티 
😀😀😀😀😀😀😀😀1
고액 재택알바 모집중
당일결제 10~30만원 
구매대행 알바 누구나가능
ㅜ상담㉸ㅌ:AMD13588"
1308218866502217728,2020-09-22 01:37:37+00:00,"다이어트 만남 신천지 훈남 의정부 김밥 울주군 티팬티 
😀😀😀😀😀😀😀😀1
고액 재택알바 모집중
당일결제 10~30만원 
구매대행 알바 누구나가능
ㅜ상담㉸ㅌ:AMD13588"
1308216786517553153,2020-09-22 01:29:22+00:00,"다이어트 만남 신천지 훈남 의정부 김밥 울주군 티팬티 
😀😀😀😀😀😀😀😀1
고액 재택알바 모집중
당일결제 10~30만원 
구매대행 알바 누구나가능
ㅜ상담㉸ㅌ:AMD13588"
1308204188094984192,2020-09-22 00:39:18+00:00,"다이어트 만남 신천지 훈남 의정부 김밥 울주군 티팬티 
😀😀😀😀😀😀😀😀1
고액 재택알바 모집중
당일결제 10~30만원 
구매대행 알바 누구나가능
ㅜ상담㉸ㅌ:AMD13588"
1308198377314594816,2020-09-22 00:16:12+00:00,"털보네는 아직도 털보는 다 알고 있다고 믿고 있네
신천지 , 사랑제일교회에 버금가는 신도들이다"
1308188642720980993,2020-09-21 23:37:32+00:00,"다이어트 만남 신천지 훈남 의정부 김밥 울주군 티팬티 
😀😀😀😀😀😀😀😀1
고액 재택알바 모집중
당일결제 10~30만원 
구매대행 알바 누구나가능
ㅜ상담㉸ㅌ:AMD13588"
1308182762914947072,2020-09-21 23:14:10+00:00,"다이어트 만남 신천지 훈남 의정부 김밥 울주군 티팬티 
😀😀😀😀😀😀😀😀1
고액 재택알바 모집중
당일결제 10~30만원 
구매대행 알바 누구나가능
ㅜ상담㉸ㅌ:AMD13588"
1308176833368653824,2020-09-21 22:50:36+00:00,"신천지의 아버지 하나님, 지금은 아버지의 계획에 따르면 만국을 소성하는 기간입니다. 만국의 모습은 아버지께 심히 가증한 몰골이오나 소성하신다고 하셨으니, 소성할 수 있도록 바이러스 전염병을 물리쳐 주십시요. 사람의 능력으로는 통제나 치료가 불가능합니다."
1308174485313343493,2020-09-21 22:41:16+00:00,"계 20장 마지막 심판을 항상 생각한다. 사람의 시간으로는 그 날이 길어 보일찌라도 반드시 올 것이다. 계 21장이 이루어지는 것은 말할 필요도 없다. 신천지가 창립되었고, 신천기가 카운트되고 있지 않나? 신천기 37년이니, 앞으로 923년 후에 정확히 있을 것이다."
1308162603940601857,2020-09-21 21:54:03+00:00,"다이어트 만남 신천지 훈남 의정부 김밥 울주군 티팬티 
😀😀😀😀😀😀😀😀1
고액 재택알바 모집중
당일결제 10~30만원 
구매대행 알바 누구나가능
ㅜ상담㉸ㅌ:AMD13588"
1308160107511820288,2020-09-21 21:44:08+00:00,"다이어트 만남 신천지 훈남 의정부 김밥 울주군 티팬티 
😀😀😀😀😀😀😀😀1
고액 재택알바 모집중
당일결제 10~30만원 
구매대행 알바 누구나가능
ㅜ상담㉸ㅌ:AMD13588"
1336163620833529856,2020-12-08 04:20:06+00:00,요즘 코로나 때문에 헬스도 못하니 뱃살 다시 나오는 듯ㅠㅠ 그래서 식단 관리라도 하려고 단백질쉐이크 챙겨 먹고 있는데 이거 진짜 괜찮네요. 포만감이 오래가서 자기 전까지 안배고픔;; 물이랑도 잘 섞이고 맛도 존맛ㅋㅋ 지금 세일하니까 필요한 사람 ㄱㄱ
1308136349388611586,2020-09-21 20:09:44+00:00,"다이어트 만남 신천지 훈남 의정부 김밥 울주군 티팬티 
😀😀😀😀😀😀😀😀1
고액 재택알바 모집중
당일결제 10~30만원 
구매대행 알바 누구나가능
ㅜ상담㉸ㅌ:AMD13588"
1308135986426118145,2020-09-21 20:08:17+00:00,"다이어트 만남 신천지 훈남 의정부 김밥 울주군 티팬티 
😀😀😀😀😀😀😀😀1
고액 재택알바 모집중
당일결제 10~30만원 
구매대행 알바 누구나가능
ㅜ상담㉸ㅌ:AMD13588"
1308129060485169152,2020-09-21 19:40:46+00:00,"다이어트 만남 신천지 훈남 의정부 김밥 울주군 티팬티 
😀😀😀😀😀😀😀😀1
고액 재택알바 모집중
당일결제 10~30만원 
구매대행 알바 누구나가능
ㅜ상담㉸ㅌ:AMD13588"
1308119464479567872,2020-09-21 19:02:38+00:00,"다이어트 만남 신천지 훈남 의정부 김밥 울주군 티팬티 
😀😀😀😀😀😀😀😀1
고액 재택알바 모집중
당일결제 10~30만원 
구매대행 알바 누구나가능
ㅜ상담㉸ㅌ:AMD13588"
1308112849995091968,2020-09-21 18:36:21+00:00,"다이어트 만남 신천지 훈남 의정부 김밥 울주군 티팬티 
😀😀😀😀😀😀😀😀1
고액 재택알바 모집중
당일결제 10~30만원 
구매대행 알바 누구나가능
ㅜ상담㉸ㅌ:AMD13588"
1308112618930855936,2020-09-21 18:35:26+00:00,사람말을 못믿네 내가 개소리는 해도 거짓말을 한 적이 있냐 신천지 양꼬치 가실분?
1308112529344749568,2020-09-21 18:35:05+00:00,아니 나 진짜 서원빈이랑 다녀왔다고 신천지양꼬치
1308111069424971776,2020-09-21 18:29:17+00:00,나랑 신천지양꼬치 가실분
1308107073037635584,2020-09-21 18:13:24+00:00,근데 책읽는사람한테 오.. 어때요? 하고말걸면 신천지같겠지
1308102852934467584,2020-09-21 17:56:38+00:00,"다이어트 만남 신천지 훈남 의정부 김밥 울주군 티팬티 
😀😀😀😀😀😀😀😀1
고액 재택알바 모집중
당일결제 10~30만원 
구매대행 알바 누구나가능
ㅜ상담㉸ㅌ:AMD13588"
1308096135127470080,2020-09-21 17:29:56+00:00,"다이어트 만남 신천지 훈남 의정부 김밥 울주군 티팬티 
😀😀😀😀😀😀😀😀1
고액 재택알바 모집중
당일결제 10~30만원 
구매대행 알바 누구나가능
ㅜ상담㉸ㅌ:AMD13588"
1308094992930369536,2020-09-21 17:25:24+00:00,"다이어트 만남 신천지 훈남 의정부 김밥 울주군 티팬티 
😀😀😀😀😀😀😀😀1
고액 재택알바 모집중
당일결제 10~30만원 
구매대행 알바 누구나가능
ㅜ상담㉸ㅌ:AMD13588"
1308094209627283456,2020-09-21 17:22:17+00:00,전단지 신천지 먹금 개잘할듯
1308080407083061248,2020-09-21 16:27:26+00:00,"다이어트 만남 신천지 훈남 의정부 김밥 울주군 티팬티 
😀😀😀😀😀😀😀😀1
고액 재택알바 모집중
당일결제 10~30만원 
구매대행 알바 누구나가능
ㅜ상담㉸ㅌ:AMD13588"
1308080393489317888,2020-09-21 16:27:23+00:00,플텍걸었노 재미없는 친구 신천지 드립 기억할게 위치본거 같으니까 관음중이겄네
1308073648712855554,2020-09-21 16:00:35+00:00,"이만희 개새끼 신천지는 날 걸러라
●자동트●"
1308064643122778112,2020-09-21 15:24:48+00:00,"다이어트 만남 신천지 훈남 의정부 김밥 울주군 티팬티 
😀😀😀😀😀😀😀😀1
고액 재택알바 모집중
당일결제 10~30만원 
구매대행 알바 누구나가능
ㅜ상담㉸ㅌ:AMD13588"
1308062424822497281,2020-09-21 15:15:59+00:00,"다이어트 만남 신천지 훈남 의정부 김밥 울주군 티팬티 
😀😀😀😀😀😀😀😀1
고액 재택알바 모집중
당일결제 10~30만원 
구매대행 알바 누구나가능
ㅜ상담㉸ㅌ:AMD13588"
1308056950278508544,2020-09-21 14:54:14+00:00,"다이어트 만남 신천지 훈남 의정부 김밥 울주군 티팬티 
😀😀😀😀😀😀😀😀1
고액 재택알바 모집중
당일결제 10~30만원 
구매대행 알바 누구나가능
ㅜ상담㉸ㅌ:AMD13588"
1308054792518860803,2020-09-21 14:45:39+00:00,"다이어트 만남 신천지 훈남 의정부 김밥 울주군 티팬티 
😀😀😀😀😀😀😀😀1
고액 재택알바 모집중
당일결제 10~30만원 
구매대행 알바 누구나가능
ㅜ상담㉸ㅌ:AMD13588"
1308054174077050880,2020-09-21 14:43:12+00:00,"🎨너 요즘 나한테 왜 이렇게 잘해주는 거야
🌼내가 너한테 잘해주면 안되는 이유라도 있어?
🎨그래도 뭔가 조금 이상하잖아. ..헷갈리게하지 말라고.
🎨..설마 진짜 내가 생각하는 그거인거야?
🌼...응, 맞아

🎨헐 시발 시우 네가 진짜 신천지라고?
🌼나 너 좋아해

🌼뭐?
🎨?!?!??

ㅋㅋㅋ 루삥뽕"
1308052907514687489,2020-09-21 14:38:10+00:00,"터진 컴퓨터붙잡고 7,8시간 울면서 티켓팅하는 덕후가 내가 못가고 남이 가더라도 꼭 애들이랑 팬들이랑 만날 수 있음 좋겠다 하는 게 얼마나 많은 걸 내려놓고 하는 말인지 모르냐? 어? 코로나 진짜 눈치가 있어야지 신천지 전광훈 눈치가 있어야지 진짜"
1308051408218763265,2020-09-21 14:32:12+00:00,"우리는 불신의 사회를 살고 있다. 성경공부하자고 하면 신천지인가 의심하게되고, 성경에 써있는 그대로 예수님처럼 사도들처럼 사역을 함에도 실체적으로 행하는 이들을 이단이라하고, 예수그리스도를 직접 만나는 수 밖에 없다. 성경말씀으로!"
1308050455235190785,2020-09-21 14:28:25+00:00,"다이어트 만남 신천지 훈남 의정부 김밥 울주군 티팬티 
😀😀😀😀😀😀😀😀1
고액 재택알바 모집중
당일결제 10~30만원 
구매대행 알바 누구나가능
ㅜ상담㉸ㅌ:AMD13588"
1308037967663955968,2020-09-21 13:38:48+00:00,"현카 뮤직라이브러리 2월에(신천지 터지기 전) 가려다가 웨이팅 쩔어서
포기하고 온더보더갔는데(저기요
그때 갔어야했어ㅠㅠㅠㅠ"
1308032511855869953,2020-09-21 13:17:07+00:00,"다이어트 만남 신천지 훈남 의정부 김밥 울주군 티팬티 
😀😀😀😀😀😀😀😀1
고액 재택알바 모집중
당일결제 10~30만원 
구매대행 알바 누구나가능
ㅜ상담㉸ㅌ:AMD13588"
1308030672758427648,2020-09-21 13:09:49+00:00,"다이어트 만남 신천지 훈남 의정부 김밥 울주군 티팬티 
😀😀😀😀😀😀😀😀1
고액 재택알바 모집중
당일결제 10~30만원 
구매대행 알바 누구나가능
ㅜ상담㉸ㅌ:AMD13588"
1308029930983141378,2020-09-21 13:06:52+00:00,"다이어트 만남 신천지 훈남 의정부 김밥 울주군 티팬티 
😀😀😀😀😀😀😀😀1
고액 재택알바 모집중
당일결제 10~30만원 
구매대행 알바 누구나가능
ㅜ상담㉸ㅌ:AMD13588"
1308027398550503424,2020-09-21 12:56:48+00:00,"다이어트 만남 신천지 훈남 의정부 김밥 울주군 티팬티 
😀😀😀😀😀😀😀😀1
고액 재택알바 모집중
당일결제 10~30만원 
구매대행 알바 누구나가능
ㅜ상담㉸ㅌ:AMD13588"
1308026141060415489,2020-09-21 12:51:48+00:00,사랑에 이유를 따지냐는 말 너무 좋아한다......이유도 없는데 좋으면 그게 사랑이지....아니면 신천지임
1308025492080001026,2020-09-21 12:49:13+00:00,"다이어트 만남 신천지 훈남 의정부 김밥 울주군 티팬티 
😀😀😀😀😀😀😀😀1
고액 재택알바 모집중
당일결제 10~30만원 
구매대행 알바 누구나가능
ㅜ상담㉸ㅌ:AMD13588"
1308017931788275712,2020-09-21 12:19:11+00:00,"다이어트 만남 신천지 훈남 의정부 김밥 울주군 티팬티 
😀😀😀😀😀😀😀😀1
고액 재택알바 모집중
당일결제 10~30만원 
구매대행 알바 누구나가능
ㅜ상담㉸ㅌ:AMD13588"
1308010673792667648,2020-09-21 11:50:20+00:00,"다이어트 만남 신천지 훈남 의정부 김밥 울주군 티팬티 
😀😀😀😀😀😀😀😀1
고액 재택알바 모집중
당일결제 10~30만원 
구매대행 알바 누구나가능
ㅜ상담㉸ㅌ:AMD13588"
1308010075395518465,2020-09-21 11:47:58+00:00,"다이어트 만남 신천지 훈남 의정부 김밥 울주군 티팬티 
😀😀😀😀😀😀😀😀1
고액 재택알바 모집중
당일결제 10~30만원 
구매대행 알바 누구나가능
ㅜ상담㉸ㅌ:AMD13588"
1308008831604027393,2020-09-21 11:43:01+00:00,"다이어트 만남 신천지 훈남 의정부 김밥 울주군 티팬티 
😀😀😀😀😀😀😀😀1
고액 재택알바 모집중
당일결제 10~30만원 
구매대행 알바 누구나가능
ㅜ상담㉸ㅌ:AMD13588"
1308002111142019074,2020-09-21 11:16:19+00:00,아신천지 ㅋㅋㅋㅋㅋㅋ큐ㅠㅠㅠㅠㅠㅠㅠㅠㅠ 아 빵터졋다 아 어캐 ㅋㅌㅋㅌㅋㅌㅋㅋㅋㅋㅋㅋㅋㅋㅋㅋㅋㅋㅋㅋ
1307990401379233793,2020-09-21 10:29:47+00:00,"다이어트 만남 신천지 훈남 의정부 김밥 울주군 티팬티 
😀😀😀😀😀😀😀😀1
고액 재택알바 모집중
당일결제 10~30만원 
구매대행 알바 누구나가능
ㅜ상담㉸ㅌ:AMD13588"
1307978612440666112,2020-09-21 09:42:56+00:00,신천지같음..
1307978309829976064,2020-09-21 09:41:44+00:00,"다이어트 만남 신천지 훈남 의정부 김밥 울주군 티팬티 
😀😀😀😀😀😀😀😀1
고액 재택알바 모집중
당일결제 10~30만원 
구매대행 알바 누구나가능
ㅜ상담㉸ㅌ:AMD13588"
1307974318526099456,2020-09-21 09:25:53+00:00,라는것은… 신천지 사태로 감염됐던 애들이 혈장헌혈을 오지게 해서 약을 만든다 해도.. gh형 감염자들한텐 효과 없을거란 이야기 아닌가...
1307973738567143424,2020-09-21 09:23:34+00:00,"다이어트 만남 신천지 훈남 의정부 김밥 울주군 티팬티 
😀😀😀😀😀😀😀😀1
고액 재택알바 모집중
당일결제 10~30만원 
구매대행 알바 누구나가능
ㅜ상담㉸ㅌ:AMD13588"
1307966506370650112,2020-09-21 08:54:50+00:00,"다이어트 만남 신천지 훈남 의정부 김밥 울주군 티팬티 
😀😀😀😀😀😀😀😀1
고액 재택알바 모집중
당일결제 10~30만원 
구매대행 알바 누구나가능
ㅜ상담㉸ㅌ:AMD13588"
1307961976450998272,2020-09-21 08:36:50+00:00,"다이어트 만남 신천지 훈남 의정부 김밥 울주군 티팬티 
😀😀😀😀😀😀😀😀1
고액 재택알바 모집중
당일결제 10~30만원 
구매대행 알바 누구나가능
ㅜ상담㉸ㅌ:AMD13588"
1307957559370960898,2020-09-21 08:19:17+00:00,아니 역앞에서만 신천지한테 세번을 잡혀 오늘 뭔 날이니?
1307954547927650304,2020-09-21 08:07:19+00:00,"다이어트 만남 신천지 훈남 의정부 김밥 울주군 티팬티 
😀😀😀😀😀😀😀😀1
고액 재택알바 모집중
당일결제 10~30만원 
구매대행 알바 누구나가능
ㅜ상담㉸ㅌ:AMD13588"
1307952695144189952,2020-09-21 07:59:57+00:00,저녁밥은 신천지대머리아프리카여캠보는쌉쓰레기유튜버랑 같이 혐오발언 참아가면서 수업들어야 하니까 고기 구워먹으야지.......
1307951330237927424,2020-09-21 07:54:32+00:00,"다이어트 만남 신천지 훈남 의정부 김밥 울주군 티팬티 
😀😀😀😀😀😀😀😀1
고액 재택알바 모집중
당일결제 10~30만원 
구매대행 알바 누구나가능
ㅜ상담㉸ㅌ:AMD13588"
1307948167392944128,2020-09-21 07:41:58+00:00,"아 개웃기다 ""신천지?????”"
1307941483605966848,2020-09-21 07:15:24+00:00,"다이어트 만남 신천지 훈남 의정부 김밥 울주군 티팬티 
😀😀😀😀😀😀😀😀1
고액 재택알바 모집중
당일결제 10~30만원 
구매대행 알바 누구나가능
ㅜ상담㉸ㅌ:AMD13588"
1307932336281985036,2020-09-21 06:39:03+00:00,우리 정부와 국민이 얼마나 대단 하냐면 선거를 치르고도 확진자 가 없었고 휴가철 에도 없었어.문제가 된건 딱 3건 신천지.이태원.전광훈 때문이었어.이거에 맛이 간거 였어.추석 이동 자제 하겠다는 국민이 86% 라지..나는 믿어 그말.미친 새끼들 만 잘단속 하면 됨.판사 교회 ..
1307930206460506112,2020-09-21 06:30:36+00:00,"다이어트 만남 신천지 훈남 의정부 김밥 울주군 티팬티 
😀😀😀😀😀😀😀😀1
고액 재택알바 모집중
당일결제 10~30만원 
구매대행 알바 누구나가능
ㅜ상담㉸ㅌ:AMD13588"
1307924639767642112,2020-09-21 06:08:28+00:00,"다이어트 만남 신천지 훈남 의정부 김밥 울주군 티팬티 
😀😀😀😀😀😀😀😀1
고액 재택알바 모집중
당일결제 10~30만원 
구매대행 알바 누구나가능
ㅜ상담㉸ㅌ:AMD13588"
1307924054502850561,2020-09-21 06:06:09+00:00,"다이어트 만남 신천지 훈남 의정부 김밥 울주군 티팬티 
😀😀😀😀😀😀😀😀1
고액 재택알바 모집중
당일결제 10~30만원 
구매대행 알바 누구나가능
ㅜ상담㉸ㅌ:AMD13588"
1307909558568804353,2020-09-21 05:08:33+00:00,"다이어트 만남 신천지 훈남 의정부 김밥 울주군 티팬티 
😀😀😀😀😀😀😀😀1
고액 재택알바 모집중
당일결제 10~30만원 
구매대행 알바 누구나가능
ㅜ상담㉸ㅌ:AMD13588"
1307908778159820800,2020-09-21 05:05:27+00:00,"다이어트 만남 신천지 훈남 의정부 김밥 울주군 티팬티 
😀😀😀😀😀😀😀😀1
고액 재택알바 모집중
당일결제 10~30만원 
구매대행 알바 누구나가능
ㅜ상담㉸ㅌ:AMD13588"
1307899454805082114,2020-09-21 04:28:24+00:00,"다이어트 만남 신천지 훈남 의정부 김밥 울주군 티팬티 
😀😀😀😀😀😀😀😀1
고액 재택알바 모집중
당일결제 10~30만원 
구매대행 알바 누구나가능
ㅜ상담㉸ㅌ:AMD13588"
1307894326886711296,2020-09-21 04:08:01+00:00,"다이어트 만남 신천지 훈남 의정부 김밥 울주군 티팬티 
😀😀😀😀😀😀😀😀1
고액 재택알바 모집중
당일결제 10~30만원 
구매대행 알바 누구나가능
ㅜ상담㉸ㅌ:AMD13588"
1307879856441446400,2020-09-21 03:10:31+00:00,"다이어트 만남 신천지 훈남 의정부 김밥 울주군 티팬티 
😀😀😀😀😀😀😀😀1
고액 재택알바 모집중
당일결제 10~30만원 
구매대행 알바 누구나가능
ㅜ상담㉸ㅌ:AMD13588"
1307875849505366016,2020-09-21 02:54:36+00:00,"다이어트 만남 신천지 훈남 의정부 김밥 울주군 티팬티 
😀😀😀😀😀😀😀😀1
고액 재택알바 모집중
당일결제 10~30만원 
구매대행 알바 누구나가능
ㅜ상담㉸ㅌ:AMD13588"
1307874174723977217,2020-09-21 02:47:57+00:00,신천지 압수수색 하기는 했나? 검찰이?
1307870259257376768,2020-09-21 02:32:23+00:00,"다이어트 만남 신천지 훈남 의정부 김밥 울주군 티팬티 
😀😀😀😀😀😀😀😀1
고액 재택알바 모집중
당일결제 10~30만원 
구매대행 알바 누구나가능
ㅜ상담㉸ㅌ:AMD13588"
1307867830927282176,2020-09-21 02:22:44+00:00,"다이어트 만남 신천지 훈남 의정부 김밥 울주군 티팬티 
😀😀😀😀😀😀😀😀1
고액 재택알바 모집중
당일결제 10~30만원 
구매대행 알바 누구나가능
ㅜ상담㉸ㅌ:AMD13588"
1307861251201011712,2020-09-21 01:56:35+00:00,"다이어트 만남 신천지 훈남 의정부 김밥 울주군 티팬티 
😀😀😀😀😀😀😀😀1
고액 재택알바 모집중
당일결제 10~30만원 
구매대행 알바 누구나가능
ㅜ상담㉸ㅌ:AMD13588"
1307859634951057413,2020-09-21 01:50:10+00:00,"다이어트 만남 신천지 훈남 의정부 김밥 울주군 티팬티 
😀😀😀😀😀😀😀😀1
고액 재택알바 모집중
당일결제 10~30만원 
구매대행 알바 누구나가능
ㅜ상담㉸ㅌ:AMD13588"
1307856278383804417,2020-09-21 01:36:50+00:00,3선 개헌안 내용 듣다가 의원들 호다닥 도망치는 사진 모습이 뭔가 익숙하다 싶었는데 코로나 초기에 건물 빠져나와서 우다다 도망가던 신천지 인간들이랑 비슷하다
1307849034392989698,2020-09-21 01:08:03+00:00,"확진자수 70명. 신천지나 개독, 태극기부대처럼 미친 인간들만 아니면 이 나라는 충분히 컨트롤 가능하다. 그 미친 인간들 때문에 죽을만큼 피해입은 사람들 생각하면 진짜. 미친 집단들에겐 1그람의 자비도 없는 공권력이 보다 강력히 시행되길."
1307847089150287873,2020-09-21 01:00:19+00:00,"아버지 하나님과 함께 천국 낙원에서 영원히 사는 신천지 시대가 찾아 왔다. 아버지도 오매불망 이를 원하셨고, 믿음의 사람들도 원했다. 눈물 고통 애통 죽음이 없는 이곳의 삶은 얼마나 즐거울까? 여기에 먼저 들어가서 살 자격은 없지만, 믿음의 의의 은혜로 되었다."
1307845983661817856,2020-09-21 00:55:55+00:00,더팩트는 언택트 확정이구나 신천지가 일주일만 더 늦게 터졌어도 더팩트 때 온 실연으로 찍었을텐데 생각할수록 슬프네 사기꾼 아닌 대행이라 환불은 제 때 받았지만 ㅠㅠㅠ
1307841417243365378,2020-09-21 00:37:47+00:00,"신천지의 아버지 하나님, 예수님의 피로 죄를 용서해 주시고, 영원한 생명을 주신 그 사랑과 은혜를 감사합니다. 육천 년의 긴 세월에 걸쳐 천신만고 끝에 신천지를 창조했습니다. 저희가 노략해서 온전한 인이 되었다면 진작에 끝이 났을 일입니다. 세상을 원망하지 않습니다."
1307832149769240576,2020-09-21 00:00:57+00:00,"이만희 개새끼 신천지는 날 걸러라
●자동트●"
1307831675431170048,2020-09-20 23:59:04+00:00,"다이어트 만남 신천지 훈남 의정부 김밥 울주군 티팬티 
😀😀😀😀😀😀😀😀1
고액 재택알바 모집중
당일결제 10~30만원 
구매대행 알바 누구나가능
ㅜ상담㉸ㅌ:AMD13588"
1307824140074717184,2020-09-20 23:29:07+00:00,전광훈이 사랑교회가 사이비 이단인데도 거기 예배 다니는 신천지등 사랑교회 다니는 사람은 어찌된건가?전광훈의 이단에 동조하는 TK종들 아이카?한반도 역적인 김유신 김춘추 고향 자손들의 본성이 어디갈까?
1307822698941132801,2020-09-20 23:23:24+00:00,"다이어트 만남 신천지 훈남 의정부 김밥 울주군 티팬티 
😀😀😀😀😀😀😀😀1
고액 재택알바 모집중
당일결제 10~30만원 
구매대행 알바 누구나가능
ㅜ상담㉸ㅌ:AMD13588"
1307813233642758145,2020-09-20 22:45:47+00:00,"다이어트 만남 신천지 훈남 의정부 김밥 울주군 티팬티 
😀😀😀😀😀😀😀😀1
고액 재택알바 모집중
당일결제 10~30만원 
구매대행 알바 누구나가능
ㅜ상담㉸ㅌ:AMD13588"
1307792802726596608,2020-09-20 21:24:36+00:00,"다이어트 만남 신천지 훈남 의정부 김밥 울주군 티팬티 
😀😀😀😀😀😀😀😀1
고액 재택알바 모집중
당일결제 10~30만원 
구매대행 알바 누구나가능
ㅜ상담㉸ㅌ:AMD13588"
1307783995489353730,2020-09-20 20:49:36+00:00,"다이어트 만남 신천지 훈남 의정부 김밥 울주군 티팬티 
😀😀😀😀😀😀😀😀1
고액 재택알바 모집중
당일결제 10~30만원 
구매대행 알바 누구나가능
ㅜ상담㉸ㅌ:AMD13588"
1307774707563859968,2020-09-20 20:12:42+00:00,"다이어트 만남 신천지 훈남 의정부 김밥 울주군 티팬티 
😀😀😀😀😀😀😀😀1
고액 재택알바 모집중
당일결제 10~30만원 
구매대행 알바 누구나가능
ㅜ상담㉸ㅌ:AMD13588"
1307770924871987205,2020-09-20 19:57:40+00:00,"다이어트 만남 신천지 훈남 의정부 김밥 울주군 티팬티 
😀😀😀😀😀😀😀😀1
고액 재택알바 모집중
당일결제 10~30만원 
구매대행 알바 누구나가능
ㅜ상담㉸ㅌ:AMD13588"
1307751209273421824,2020-09-20 18:39:19+00:00,"다이어트 만남 신천지 훈남 의정부 김밥 울주군 티팬티 
😀😀😀😀😀😀😀😀1
고액 재택알바 모집중
당일결제 10~30만원 
구매대행 알바 누구나가능
ㅜ상담㉸ㅌ:AMD13588"
1307749589001277441,2020-09-20 18:32:53+00:00,"다이어트 만남 신천지 훈남 의정부 김밥 울주군 티팬티 
😀😀😀😀😀😀😀😀1
고액 재택알바 모집중
당일결제 10~30만원 
구매대행 알바 누구나가능
ㅜ상담㉸ㅌ:AMD13588"
1307749286910722048,2020-09-20 18:31:41+00:00,"다이어트 만남 신천지 훈남 의정부 김밥 울주군 티팬티 
😀😀😀😀😀😀😀😀1
고액 재택알바 모집중
당일결제 10~30만원 
구매대행 알바 누구나가능
ㅜ상담㉸ㅌ:AMD13588"
1307736208085114880,2020-09-20 17:39:43+00:00,"다이어트 만남 신천지 훈남 의정부 김밥 울주군 티팬티 
😀😀😀😀😀😀😀😀1
고액 재택알바 모집중
당일결제 10~30만원 
구매대행 알바 누구나가능
ㅜ상담㉸ㅌ:AMD13588"
1307727736471838720,2020-09-20 17:06:03+00:00,"다이어트 만남 신천지 훈남 의정부 김밥 울주군 티팬티 
😀😀😀😀😀😀😀😀1
고액 재택알바 모집중
당일결제 10~30만원 
구매대행 알바 누구나가능
ㅜ상담㉸ㅌ:AMD13588"
1307714161481142272,2020-09-20 16:12:06+00:00,"🤕 피어슨씨. 나 진짜 진지한데. 요즘 나한테 왜 이렇게 잘해줘? 맛있는 거 있으면 나 주고, 나 귀엽냐고 하면 머리쓰듬어주고.
🔦 ...그래서?
🤕 자꾸 그러면 나 헷갈린단말야ㅠ 내가 생각한 게 맞는거야?
🔦 ...아마
🤕 ...피어슨씨 진짜 신천지야?ㅠ"
1307707802148773888,2020-09-20 15:46:50+00:00,전부터 엄청 보고싶은 영화인데...아 신천지 이태원클럽 광화문집회 개색기들
1307707432093638657,2020-09-20 15:45:22+00:00,"다이어트 만남 신천지 훈남 의정부 김밥 울주군 티팬티 
😀😀😀😀😀😀😀😀1
고액 재택알바 모집중
당일결제 10~30만원 
구매대행 알바 누구나가능
ㅜ상담㉸ㅌ:AMD13588"
1307703857393221633,2020-09-20 15:31:10+00:00,진짜 나의베프가알고보니신천지엿던건에관하여??? 이런 웃긴썰인줄 알았는데
1307703631420911616,2020-09-20 15:30:16+00:00,아 쉬발 신천지썰 앞뒤 사정을 들으니까 좀 슬퍼져요
1307698018573905921,2020-09-20 15:07:58+00:00,"다이어트 만남 신천지 훈남 의정부 김밥 울주군 티팬티 
😀😀😀😀😀😀😀😀1
고액 재택알바 모집중
당일결제 10~30만원 
구매대행 알바 누구나가능
ㅜ상담㉸ㅌ:AMD13588"
1307696800267079681,2020-09-20 15:03:07+00:00,"다이어트 만남 신천지 훈남 의정부 김밥 울주군 티팬티 
😀😀😀😀😀😀😀😀1
고액 재택알바 모집중
당일결제 10~30만원 
구매대행 알바 누구나가능
ㅜ상담㉸ㅌ:AMD13588"
1307690581800267776,2020-09-20 14:38:25+00:00,"베프에게10년동안신천지전도당한썰
때는 고등학교
나는 고등학교를 집에서 멀리떨어진곳으로 가게되어
아는친구가없엇다
그때 나에게 자기도 집이 그쪽이라며
말을 걸어준 아주예쁘게생긴 여자애와 친구가됏다
그친구는 고등학교시절 내내
나와 단둘이 붙어다니는 내 단짝친구가되엇다"
1307686644884017155,2020-09-20 14:22:46+00:00,"어흐으이이이잉이잏잏잏
김효진오빠!! 나는이제..니타투가신천지타투래도너랑결혼함.. 
오빠어으이이응... 잉잉 잏"
1307686048869146626,2020-09-20 14:20:24+00:00,"다이어트 만남 신천지 훈남 의정부 김밥 울주군 티팬티 
😀😀😀😀😀😀😀😀1
고액 재택알바 모집중
당일결제 10~30만원 
구매대행 알바 누구나가능
ㅜ상담㉸ㅌ:AMD13588"
1307679932131106817,2020-09-20 13:56:05+00:00,"다이어트 만남 신천지 훈남 의정부 김밥 울주군 티팬티 
😀😀😀😀😀😀😀😀1
고액 재택알바 모집중
당일결제 10~30만원 
구매대행 알바 누구나가능
ㅜ상담㉸ㅌ:AMD13588"
1307678374333087745,2020-09-20 13:49:54+00:00,"다이어트 만남 신천지 훈남 의정부 김밥 울주군 티팬티 
😀😀😀😀😀😀😀😀1
고액 재택알바 모집중
당일결제 10~30만원 
구매대행 알바 누구나가능
ㅜ상담㉸ㅌ:AMD13588"
1307676738294480898,2020-09-20 13:43:24+00:00,"다들 아무것도볼것이없고
너무심심할때
또다른썰로 찾아오겟습니다
10년지기베프에게신천지당한썰로.."
1307675659100069888,2020-09-20 13:39:07+00:00,신천지도 님은 안건든다고 가성비가 나쁘니까요
1307665380823846912,2020-09-20 12:58:16+00:00,"신천지12지파 
형제들이여
이제 깊은 잠에서 
깨여나소서~~~
하나님이라 믿었던
만희 왕은 끝났네요
그에게 영생 있다고
굳게 믿었던 만희왕은
용으로 세상에 드러 
났으니~~~
용은곧 옛뱀 사단
마귀 였죠!!~~
용의 정체 알아 보실래면~~
신나는 동산 찾아
보시면 자세히 알려 드립니다!~♡"
1307658628581662720,2020-09-20 12:31:26+00:00,"미리 오지콤
미리 관종
미리 아저씨
미리 관심종자
미리 나댐
미리 요리왕
미리 신천지
미리 기갈
미리 틱톡
미리 바보
미리 아방수
미리 귀여움
미리 건망증
미리 탈모"
1307658482493960192,2020-09-20 12:30:52+00:00,"다이어트 만남 신천지 훈남 의정부 김밥 울주군 티팬티 
😀😀😀😀😀😀😀😀1
고액 재택알바 모집중
당일결제 10~30만원 
구매대행 알바 누구나가능
ㅜ상담㉸ㅌ:AMD13588"
1336163620833529856,2020-12-08 04:20:06+00:00,요즘 코로나 때문에 헬스도 못하니 뱃살 다시 나오는 듯ㅠㅠ 그래서 식단 관리라도 하려고 단백질쉐이크 챙겨 먹고 있는데 이거 진짜 괜찮네요. 포만감이 오래가서 자기 전까지 안배고픔;; 물이랑도 잘 섞이고 맛도 존맛ㅋㅋ 지금 세일하니까 필요한 사람 ㄱㄱ
1307657878090608640,2020-09-20 12:28:27+00:00,"레나의 한국 이름은 이만희인가요?

(*신천지 총회장입니다...)"
1307657248991145990,2020-09-20 12:25:57+00:00,"미리 오지콤
미리 관종
미리 아저씨
미리 관심종자
미리 나댐
미리 요리왕
미리 신천지
미리 기갈
미리 틱톡
미리 오지콤
미리 관종
미리 아저씨
미리 관심종자
미리 나댐
미리 요리왕
미리 신천지
미리 기갈
미리 틱톡"
1307648941366763520,2020-09-20 11:52:57+00:00,저새끼들이나 신천지나 뭐가다른지 모르겠다
1307645674100383746,2020-09-20 11:39:58+00:00,"이시국에 딴곳도 아닌 사람 많이 모이는곳 가시는분들 존나 역겹네영
신천지나 사이비 욕할 이유없음 ㅋㅋㅋ 원래 정신나간 새끼들보다 나사빠져서 나하나쯤이야 하는 애들 주변에 너무 널렸다"
1307642410097205248,2020-09-20 11:27:00+00:00,"다이어트 만남 신천지 훈남 의정부 김밥 울주군 티팬티 
😀😀😀😀😀😀😀😀1
고액 재택알바 모집중
당일결제 10~30만원 
구매대행 알바 누구나가능
ㅜ상담㉸ㅌ:AMD13588"
1307640091213357061,2020-09-20 11:17:47+00:00,느개복 전염력 신천지급
1307636528496041986,2020-09-20 11:03:37+00:00,"다이어트 만남 신천지 훈남 의정부 김밥 울주군 티팬티 
😀😀😀😀😀😀😀😀1
고액 재택알바 모집중
당일결제 10~30만원 
구매대행 알바 누구나가능
ㅜ상담㉸ㅌ:AMD13588"
1307632739483443201,2020-09-20 10:48:34+00:00,"20대 확진자 많은거 뭐라하지 마세요. 20대들이 개념없이 방역에 협조 안해서가 아니라 초기 신천지 터졌을때 신천지 특성상 20대가 압도적으로 많아서 나타난 현상입니다. 

물론 일베 같은 20대들 많은 것도 사실이지만.. 지금 확진자 비율 가지고 뭐라하는 건 아닌것 같습니다."
1307632486608904192,2020-09-20 10:47:34+00:00,"다이어트 만남 신천지 훈남 의정부 김밥 울주군 티팬티 
😀😀😀😀😀😀😀😀1
고액 재택알바 모집중
당일결제 10~30만원 
구매대행 알바 누구나가능
ㅜ상담㉸ㅌ:AMD13588"
1307621223916998656,2020-09-20 10:02:48+00:00,"다이어트 만남 신천지 훈남 의정부 김밥 울주군 티팬티 
😀😀😀😀😀😀😀😀1
고액 재택알바 모집중
당일결제 10~30만원 
구매대행 알바 누구나가능
ㅜ상담㉸ㅌ:AMD13588"
1307618837852872706,2020-09-20 09:53:19+00:00,"다이어트 만남 신천지 훈남 의정부 김밥 울주군 티팬티 
😀😀😀😀😀😀😀😀1
고액 재택알바 모집중
당일결제 10~30만원 
구매대행 알바 누구나가능
ㅜ상담㉸ㅌ:AMD13588"
1307618495664762881,2020-09-20 09:51:58+00:00,나 몇일전에 도를아십니까?신천지?봤는데 마스크 쓰고있는데 뭔 얼굴에 복이 많아보인데
1307611718516785152,2020-09-20 09:25:02+00:00,저거에 달린 덧글에 20대 많은거 이태원 어쩌구 있던데 20대 많은거 신천지인데... 신천지 확진자 수 엄청 나올때 당시 나이비율 보면 거의 20대였어가지고
1307607165432020992,2020-09-20 09:06:57+00:00,"다이어트 만남 신천지 훈남 의정부 김밥 울주군 티팬티 
😀😀😀😀😀😀😀😀1
고액 재택알바 모집중
당일결제 10~30만원 
구매대행 알바 누구나가능
ㅜ상담㉸ㅌ:AMD13588"
1307604437788106752,2020-09-20 08:56:06+00:00,"감염경로  모름20%  때문에
슈퍼감염자 대구 신천지 31번 
잊지말자.

방역에 적극적으로   동참 해야
생활방역   할수 있다.
자영업자 들 스스로
방역에   참여 해야 살아 남을수 
있다.

폐쇄보다 현상유지 해야
기회가 온다.

철저히   방역 에  다하자."
1307601768050601986,2020-09-20 08:45:30+00:00,"다이어트 만남 신천지 훈남 의정부 김밥 울주군 티팬티 
😀😀😀😀😀😀😀😀1
고액 재택알바 모집중
당일결제 10~30만원 
구매대행 알바 누구나가능
ㅜ상담㉸ㅌ:AMD13588"
1307598353950154752,2020-09-20 08:31:56+00:00,요즘 전광훈의 사탄제일교회가 하고 있는 꼬라지를 보면 신천지가 벌이 꼬장은 애교로 느껴진다.
1307594977069862912,2020-09-20 08:18:31+00:00,"다이어트 만남 신천지 훈남 의정부 김밥 울주군 티팬티 
😀😀😀😀😀😀😀😀1
고액 재택알바 모집중
당일결제 10~30만원 
구매대행 알바 누구나가능
ㅜ상담㉸ㅌ:AMD13588"
1307593976027910144,2020-09-20 08:14:32+00:00,"요즘 동네에 도를 믿으십니까가 보입니다. 
왠지 삘이 옵니다. 둘이 돌아댕기면서 말거는게 무서움...
모두들 코로나때문이 아니더라도 신천지 조심하세요ㅠㅠ 
근데 요즘 저렇게 포교활동 되나요?? ㅠ ㅠ"
1307593973284794368,2020-09-20 08:14:31+00:00,"다이어트 만남 신천지 훈남 의정부 김밥 울주군 티팬티 
😀😀😀😀😀😀😀😀1
고액 재택알바 모집중
당일결제 10~30만원 
구매대행 알바 누구나가능
ㅜ상담㉸ㅌ:AMD13588"
1307581388804116480,2020-09-20 07:24:31+00:00,뭐야 왜 신천지 실트임
1307577596918394880,2020-09-20 07:09:27+00:00,알사람은 아는 종교문화 오타쿠로서 신천지는 종교로 인정못해요 그건 그냥................... .....대체 단어도 못찾음 사이비는 맞는데 이제 종교라고 불러주기도 좀 그럼 그냥 2020년 아포칼립스 재앙 실체화같음
1307567992671141889,2020-09-20 06:31:17+00:00,"다이어트 만남 신천지 훈남 의정부 김밥 울주군 티팬티 
😀😀😀😀😀😀😀😀1
고액 재택알바 모집중
당일결제 10~30만원 
구매대행 알바 누구나가능
ㅜ상담㉸ㅌ:AMD13588"
1307565148194836481,2020-09-20 06:19:59+00:00,신천지 이만희를 볼 때마다 이상하게 생겼다 싶었는데 그 이유를 딱 알았다. 눈에 흰자가 거의 없고 검은자뿐이다. 악마의 모습.
1307560965685141504,2020-09-20 06:03:22+00:00,"다이어트 만남 신천지 훈남 의정부 김밥 울주군 티팬티 
😀😀😀😀😀😀😀😀1
고액 재택알바 모집중
당일결제 10~30만원 
구매대행 알바 누구나가능
ㅜ상담㉸ㅌ:AMD13588"
1307560745559756800,2020-09-20 06:02:29+00:00,카페왓는데 신천지잇는듯
1307555169756786690,2020-09-20 05:40:20+00:00,"다이어트 만남 신천지 훈남 의정부 김밥 울주군 티팬티 
😀😀😀😀😀😀😀😀1
고액 재택알바 모집중
당일결제 10~30만원 
구매대행 알바 누구나가능
ㅜ상담㉸ㅌ:AMD13588"
1307552231613517824,2020-09-20 05:28:39+00:00,"리)신천지, 이태원, 노래방, 피씨방..."
1307549512609624064,2020-09-20 05:17:51+00:00,"기억에서  사라질라
대구  이만희교주  신천지31번  슈퍼감염자 
기억하자.

전광훈  신자가
개신교  개혁 시작 되었다.
하느님 예수님 믿는거나.
목사 를 믿고 있는
신자들이 있다."
1307549049617149952,2020-09-20 05:16:01+00:00,신천지가 퍼트린 역병 처리하는데 한 달 정도 걸린걸로 기억하는데..역시 개신교도 대단하고(나쁜의미) 질병청도 대단하다(좋은의미)
1307548261125824518,2020-09-20 05:12:53+00:00,"[#24현문현답]
#故이병철 회장님의 #현문21

교황도 사람인데 실수가 없을까요?
천주교에서 교황의 결정이 천주교도들이
따라야할 절대적인 기준이 되는것일까요?

신앙인들이 따라야할
절대적인 참 기준은 무엇일까요?

#로마교황 #성경 #결정 #절대적기준
#신천지 #이만희 #총회장님 #알려주세요"
1307537431063740416,2020-09-20 04:29:51+00:00,"다이어트 만남 신천지 훈남 의정부 김밥 울주군 티팬티 
😀😀😀😀😀😀😀😀1
고액 재택알바 모집중
당일결제 10~30만원 
구매대행 알바 누구나가능
ㅜ상담㉸ㅌ:AMD13588"
1307534682783801344,2020-09-20 04:18:55+00:00,"다이어트 만남 신천지 훈남 의정부 김밥 울주군 티팬티 
😀😀😀😀😀😀😀😀1
고액 재택알바 모집중
당일결제 10~30만원 
구매대행 알바 누구나가능
ㅜ상담㉸ㅌ:AMD13588"
1307521922045935616,2020-09-20 03:28:13+00:00,"종교 신천지 2020년9월25일 전까지 몽땅 다 죽여 버린다.
예외가 없다."
1307520101059448832,2020-09-20 03:20:59+00:00,"다이어트 만남 신천지 훈남 의정부 김밥 울주군 티팬티 
😀😀😀😀😀😀😀😀1
고액 재택알바 모집중
당일결제 10~30만원 
구매대행 알바 누구나가능
ㅜ상담㉸ㅌ:AMD13588"
1307516828311146496,2020-09-20 03:07:59+00:00,유세원 학창시절엔 누가 말 걸면 신천지 안 믿어요 아르바이트 이미 해요 시간 없어요 내일도 없을 것 같구요 번호 없어요 네 저 핸드폰도 없어요 오늘부터 없어졌어요 모금 안 해요 후원도 안 해요 안녕히계세요 말하는 사이에 한걸음 두걸음 뒷걸음질로 말다끝날쯤에는 이미 저만치 가있을듯(;;
1307500808674500609,2020-09-20 02:04:19+00:00,"한국 방역은 신천지, 이태원에서도 60일 정도 되면 10명 안쪽으로 확진자수가 줄어 들더니 이번에도 38일만에 80명대.
10월 15일쯤이면 대폭 감소할텐데 제발 추석 때 집에서 트위터나 해.
수꼴들도 댓글로 발광을 해도 집에만 있으면 용서해줄게. 제발."
1307494892587724801,2020-09-20 01:40:49+00:00,"다이어트 만남 신천지 훈남 의정부 김밥 울주군 티팬티 
😀😀😀😀😀😀😀😀1
고액 재택알바 모집중
당일결제 10~30만원 
구매대행 알바 누구나가능
ㅜ상담㉸ㅌ:AMD13588"
1307480946782818304,2020-09-20 00:45:24+00:00,"다이어트 만남 신천지 훈남 의정부 김밥 울주군 티팬티 
😀😀😀😀😀😀😀😀1
고액 재택알바 모집중
당일결제 10~30만원 
구매대행 알바 누구나가능
ㅜ상담㉸ㅌ:AMD13588"
1307478453583708166,2020-09-20 00:35:29+00:00,"다이어트 만남 신천지 훈남 의정부 김밥 울주군 티팬티 
😀😀😀😀😀😀😀😀1
고액 재택알바 모집중
당일결제 10~30만원 
구매대행 알바 누구나가능
ㅜ상담㉸ㅌ:AMD13588"
1307473287262339072,2020-09-20 00:14:58+00:00,"신천지 거제교회 자원봉사단, 유자농가에 힘 주다"
1307467521780457472,2020-09-19 23:52:03+00:00,"다이어트 만남 신천지 훈남 의정부 김밥 울주군 티팬티 
😀😀😀😀😀😀😀😀1
고액 재택알바 모집중
당일결제 10~30만원 
구매대행 알바 누구나가능
ㅜ상담㉸ㅌ:AMD13588"
1307464357098348544,2020-09-19 23:39:28+00:00,"다이어트 만남 신천지 훈남 의정부 김밥 울주군 티팬티 
😀😀😀😀😀😀😀😀1
고액 재택알바 모집중
당일결제 10~30만원 
구매대행 알바 누구나가능
ㅜ상담㉸ㅌ:AMD13588"
1307461796295405569,2020-09-19 23:29:18+00:00,"다이어트 만남 신천지 훈남 의정부 김밥 울주군 티팬티 
😀😀😀😀😀😀😀😀1
고액 재택알바 모집중
당일결제 10~30만원 
구매대행 알바 누구나가능
ㅜ상담㉸ㅌ:AMD13588"
1307442094038896640,2020-09-19 22:11:00+00:00,눈이 밝은 자가 있고 어두운 자가 있다. 사물의 이치에 대해 밝은 자가 있고 어두운 자가 있다. 그러나 이것은 어디까지나 세상의 것들이다. 영적인 것과는 전혀 관련이 없다. 영적인 이치에 대해 눈이 밝은 사람은 계시를 받은 신천지인 뿐이다. 그 나머지는 어둠이다.
1307440911421374464,2020-09-19 22:06:19+00:00,"다이어트 만남 신천지 훈남 의정부 김밥 울주군 티팬티 
😀😀😀😀😀😀😀😀1
고액 재택알바 모집중
당일결제 10~30만원 
구매대행 알바 누구나가능
ㅜ상담㉸ㅌ:AMD13588"
1307430783288631296,2020-09-19 21:26:04+00:00,"다이어트 만남 신천지 훈남 의정부 김밥 울주군 티팬티 
😀😀😀😀😀😀😀😀1
고액 재택알바 모집중
당일결제 10~30만원 
구매대행 알바 누구나가능
ㅜ상담㉸ㅌ:AMD13588"
1307430365062033409,2020-09-19 21:24:24+00:00,"다이어트 만남 신천지 훈남 의정부 김밥 울주군 티팬티 
😀😀😀😀😀😀😀😀1
고액 재택알바 모집중
당일결제 10~30만원 
구매대행 알바 누구나가능
ㅜ상담㉸ㅌ:AMD13588"
1307429347267981312,2020-09-19 21:20:21+00:00,"다이어트 만남 신천지 훈남 의정부 김밥 울주군 티팬티 
😀😀😀😀😀😀😀😀1
고액 재택알바 모집중
당일결제 10~30만원 
구매대행 알바 누구나가능
ㅜ상담㉸ㅌ:AMD13588"
1307424381103079424,2020-09-19 21:00:37+00:00,"옆방 사람은 내 또래연령에다.전혀 말귀가 안통한 사람이라서 신천지가 이런 사람을 노예처럼 이용하는데는 딱이거든요.
본인말로도 신천지 3개월 공부하다 말았다고 하는데 신천지가 확실한것 같아요.내가 이방에 들어오기전에 이방 사용자가 신천지였다고 본인 입으로 그런말도 합니다."
1307424104178307072,2020-09-19 20:59:31+00:00,"다이어트 만남 신천지 훈남 의정부 김밥 울주군 티팬티 
😀😀😀😀😀😀😀😀1
고액 재택알바 모집중
당일결제 10~30만원 
구매대행 알바 누구나가능
ㅜ상담㉸ㅌ:AMD13588"
1307421370528092160,2020-09-19 20:48:40+00:00,"내가 밤이면 옆방 사람이 교묘하게 시도때도 없이 벽을 쿵쿵거려서 침대에서 자보지를 않았습니다.
에제 페북에 시험에 든다는 단어 넣었더니 더욱더 어제부터 더욱더 심각하네요.
수없는 경험이지만 내글을 신천지가 제일먼저 보고 여러 형태로 나만이 감지할수있는 행동들이 나타납니다."
1307417551798808577,2020-09-19 20:33:29+00:00,옆방 사람이 어제도 술먹고 밤늦게 들어와 벽을치면서 혼자서 온갖 난동을치더니 오늘도 새벽2시에 들어와 밖에 들랑거리면서 밤잠을 못자게 하네요.이 사건이 교회와 우리가족하고 깊이 연동이 되어있어서 거기의 변화에 따라서 내주변에 신천지의 행동들이 달라집니다.
1307410164467691520,2020-09-19 20:04:08+00:00,"다이어트 만남 신천지 훈남 의정부 김밥 울주군 티팬티 
😀😀😀😀😀😀😀😀1
고액 재택알바 모집중
당일결제 10~30만원 
구매대행 알바 누구나가능
ㅜ상담㉸ㅌ:AMD13588"
1307408812886781952,2020-09-19 19:58:46+00:00,"24시간 항상 밖에서 내가 도주할것을 대비하여 신천지 집단들이  대기하면서 옆방 사람들은 내가 조금만 동요의 움직임을 보이면 바로 신호을 보입니다.우리가 깨여있다는 신호입니다.
본인들의 필요따라 감시의 공백이 생기면 더욱 그런형상이 심각합니다."
1307405685601087488,2020-09-19 19:46:20+00:00,"신천지는 우리가 아는것 처럼 사이비 집단으로 인식하고 계신분들이 많은데요.신천지는 종교로 가면은 쓴 사악한 범죄 집단입니다.
교회뿐 아니라 국가적으로도 큰 재앙입니다."
1307402909777162240,2020-09-19 19:35:18+00:00,"다이어트 만남 신천지 훈남 의정부 김밥 울주군 티팬티 
😀😀😀😀😀😀😀😀1
고액 재택알바 모집중
당일결제 10~30만원 
구매대행 알바 누구나가능
ㅜ상담㉸ㅌ:AMD13588"
1307401713033175041,2020-09-19 19:30:33+00:00,"신천지 때 변상욱 기자도 같이 움직였지?

허재현, 김용민, 변상욱이 총선 때는 민주당이랑 같이 움직였던 모양이네?

이번 일 콜이 갔으면 허재현에게 먼저 갔을 거야. 근처에서 본 사람이 있으니까 신병 확보하면 될 것 같은데...

(쩐에 함정수사라며 조금 소란스러웠던 것 같은데.)"
1307401239789883392,2020-09-19 19:28:40+00:00,"다이어트 만남 신천지 훈남 의정부 김밥 울주군 티팬티 
😀😀😀😀😀😀😀😀1
고액 재택알바 모집중
당일결제 10~30만원 
구매대행 알바 누구나가능
ㅜ상담㉸ㅌ:AMD13588"
1307397400676376576,2020-09-19 19:13:25+00:00,"다이어트 만남 신천지 훈남 의정부 김밥 울주군 티팬티 
😀😀😀😀😀😀😀😀1
고액 재택알바 모집중
당일결제 10~30만원 
구매대행 알바 누구나가능
ㅜ상담㉸ㅌ:AMD13588"
1307393599970054144,2020-09-19 18:58:19+00:00,"다이어트 만남 신천지 훈남 의정부 김밥 울주군 티팬티 
😀😀😀😀😀😀😀😀1
고액 재택알바 모집중
당일결제 10~30만원 
구매대행 알바 누구나가능
ㅜ상담㉸ㅌ:AMD13588"
1307389762227986433,2020-09-19 18:43:04+00:00,"다이어트 만남 신천지 훈남 의정부 김밥 울주군 티팬티 
😀😀😀😀😀😀😀😀1
고액 재택알바 모집중
당일결제 10~30만원 
구매대행 알바 누구나가능
ㅜ상담㉸ㅌ:AMD13588"
1307383570210586624,2020-09-19 18:18:27+00:00,"중고등학교 때는 신천지 친구들이랑 키배를 떴는데, 지금은 왜 같은 종파출신들이랑 싸우고있는지 현타가 쌉 오진다.

세상 그 누구보다도 이슬람교도를 싫어하면서 하는 말은 이슬람 원리주의자 지하디스트보다 더 엄격하게 율법들먹임. (특-하지만 율법 내용 아는거라곤 동성애금지밖에 모름)"
1307381035131305984,2020-09-19 18:08:23+00:00,"다이어트 만남 신천지 훈남 의정부 김밥 울주군 티팬티 
😀😀😀😀😀😀😀😀1
고액 재택알바 모집중
당일결제 10~30만원 
구매대행 알바 누구나가능
ㅜ상담㉸ㅌ:AMD13588"
1307380774333640705,2020-09-19 18:07:21+00:00,"다이어트 만남 신천지 훈남 의정부 김밥 울주군 티팬티 
😀😀😀😀😀😀😀😀1
고액 재택알바 모집중
당일결제 10~30만원 
구매대행 알바 누구나가능
ㅜ상담㉸ㅌ:AMD13588"
1307367477685284864,2020-09-19 17:14:31+00:00,"한동안 개신교 매체에서 신천지 때리기에 나섰을 때, ‘사이비 문제가 아니라 정부의 방역 정책 위에 절대자가 있다고 믿는 신앙의 문제야’라고 생각했고 요즘 개신교 매체들은 뭐 하나 매우 궁금해졌다."
1307362313670852609,2020-09-19 16:53:59+00:00,"다이어트 만남 신천지 훈남 의정부 김밥 울주군 티팬티 
😀😀😀😀😀😀😀😀1
고액 재택알바 모집중
당일결제 10~30만원 
구매대행 알바 누구나가능
ㅜ상담㉸ㅌ:AMD13588"
1307357380938588161,2020-09-19 16:34:23+00:00,"다이어트 만남 신천지 훈남 의정부 김밥 울주군 티팬티 
😀😀😀😀😀😀😀😀1
고액 재택알바 모집중
당일결제 10~30만원 
구매대행 알바 누구나가능
ㅜ상담㉸ㅌ:AMD13588"
1307352472088793089,2020-09-19 16:14:53+00:00,아이돌 콘서트 신천지 모임이랑 모가달라 똑같아요 같은옷입고 노래따라부르고 춤추고 울고 조아하고 누군가한테 홀려있슴
1307351829634670593,2020-09-19 16:12:20+00:00,누가 댓글에 신천지같다한거 보고 존나 터짐
1307351719903334400,2020-09-19 16:11:54+00:00,앵콜이야? 파워에이드가뭐냐고 신천지같아이거뭐야무서워
1307351691461906432,2020-09-19 16:11:47+00:00,아시발 누가 신천지같대ㅋㅋㅋㅋㅋㅋㅋㅋㅋㅋㅋㅋㅋㅋㅋㅋㅋㅋㅋㅋㅋㅋㅋㅋㅋㅋ
1307350742559121413,2020-09-19 16:08:01+00:00,"다이어트 만남 신천지 훈남 의정부 김밥 울주군 티팬티 
😀😀😀😀😀😀😀😀1
고액 재택알바 모집중
당일결제 10~30만원 
구매대행 알바 누구나가능
ㅜ상담㉸ㅌ:AMD13588"
1307348008036495361,2020-09-19 15:57:09+00:00,"신천지 문제도 글코 중림동 문제도 글코 의도가 좀 빤했던 것 같아.

움직인 민주당 가지들은 좀 달랐어도."
1307341070225661952,2020-09-19 15:29:35+00:00,"다이어트 만남 신천지 훈남 의정부 김밥 울주군 티팬티 
😀😀😀😀😀😀😀😀1
고액 재택알바 모집중
당일결제 10~30만원 
구매대행 알바 누구나가능
ㅜ상담㉸ㅌ:AMD13588"
1307333769230077952,2020-09-19 15:00:34+00:00,전도 시키는 신천지의 마음이 이런걸까 재미가 꽤 쏠쏠하네 나중에 찐신천지 되면 연 끊지마 알겠지 간만 볼게
1307321247915675648,2020-09-19 14:10:49+00:00,"다이어트 만남 신천지 훈남 의정부 김밥 울주군 티팬티 
😀😀😀😀😀😀😀😀1
고액 재택알바 모집중
당일결제 10~30만원 
구매대행 알바 누구나가능
ㅜ상담㉸ㅌ:AMD13588"
1307318685694963712,2020-09-19 14:00:38+00:00,"이만희 개새끼 신천지는 날 걸러라
●자동트●"
1307318594582142976,2020-09-19 14:00:16+00:00,"다이어트 만남 신천지 훈남 의정부 김밥 울주군 티팬티 
😀😀😀😀😀😀😀😀1
고액 재택알바 모집중
당일결제 10~30만원 
구매대행 알바 누구나가능
ㅜ상담㉸ㅌ:AMD13588"
1307317912416346114,2020-09-19 13:57:33+00:00,"다이어트 만남 신천지 훈남 의정부 김밥 울주군 티팬티 
😀😀😀😀😀😀😀😀1
고액 재택알바 모집중
당일결제 10~30만원 
구매대행 알바 누구나가능
ㅜ상담㉸ㅌ:AMD13588"
1307295571065991168,2020-09-19 12:28:47+00:00,"울얘들이 말한다 울나라🇰🇷이
코로나19바이러스 검사하는건
최고👍이다며 지금 유럽이나 
미국,일본 보라며그런덴 1일확진
자 몇천몇만명이 나오는것 보라며
글구 울나라에 확진자 치료해서
완치해 퇴원하는 것도 최고라며
1차 신천지,2차 이태원클럽 3차
8.15 개신교집회 아니었음 다잡고
종식 됬을것"
1307293711366144003,2020-09-19 12:21:23+00:00,"다이어트 만남 신천지 훈남 의정부 김밥 울주군 티팬티 
😀😀😀😀😀😀😀😀1
고액 재택알바 모집중
당일결제 10~30만원 
구매대행 알바 누구나가능
ㅜ상담㉸ㅌ:AMD13588"
1307290826431586306,2020-09-19 12:09:55+00:00,"다이어트 만남 신천지 훈남 의정부 김밥 울주군 티팬티 
😀😀😀😀😀😀😀😀1
고액 재택알바 모집중
당일결제 10~30만원 
구매대행 알바 누구나가능
ㅜ상담㉸ㅌ:AMD13588"
1307285547577008129,2020-09-19 11:48:57+00:00,"다이어트 만남 신천지 훈남 의정부 김밥 울주군 티팬티 
😀😀😀😀😀😀😀😀1
고액 재택알바 모집중
당일결제 10~30만원 
구매대행 알바 누구나가능
ㅜ상담㉸ㅌ:AMD13588"
1307281700477571072,2020-09-19 11:33:40+00:00,"다이어트 만남 신천지 훈남 의정부 김밥 울주군 티팬티 
😀😀😀😀😀😀😀😀1
고액 재택알바 모집중
당일결제 10~30만원 
구매대행 알바 누구나가능
ㅜ상담㉸ㅌ:AMD13588"
1307274565878341632,2020-09-19 11:05:19+00:00,"약 4400년 전 하나님은 세상에 사람 지으셨음을 크게 탄식하셨다. 그로부터 시간이 많이 흘렀다. 신천지 열 두 지파 자녀를 얻으신 하나님은 얼마나 기쁘실까? 아직도 소성의 대상은 무지하게 많지만, 영원히 함께 살 가족이 생겨서 위로가 될 것이다."
1307273167702949888,2020-09-19 10:59:45+00:00,"신천지 창립의 목적은 무엇일까? ""천지 재창조""다. 지금 보이는 천지를 새롭게 바꾸겠단 뜻이다. 죄악과 전쟁과 죽음이 넘쳐나는 용이 지배하는 세상과 만물을 의와 평화와 영생과 하나님이 통치하는 곳으로 바꾸겠단 뜻이다. 이는 일반 사람이 아닌 신인이기에 한다."
1307263854187962369,2020-09-19 10:22:45+00:00,"다이어트 만남 신천지 훈남 의정부 김밥 울주군 티팬티 
😀😀😀😀😀😀😀😀1
고액 재택알바 모집중
당일결제 10~30만원 
구매대행 알바 누구나가능
ㅜ상담㉸ㅌ:AMD13588"
1307263701725061120,2020-09-19 10:22:08+00:00,"다이어트 만남 신천지 훈남 의정부 김밥 울주군 티팬티 
😀😀😀😀😀😀😀😀1
고액 재택알바 모집중
당일결제 10~30만원 
구매대행 알바 누구나가능
ㅜ상담㉸ㅌ:AMD13588"
1307262706769039361,2020-09-19 10:18:11+00:00,"다이어트 만남 신천지 훈남 의정부 김밥 울주군 티팬티 
😀😀😀😀😀😀😀😀1
고액 재택알바 모집중
당일결제 10~30만원 
구매대행 알바 누구나가능
ㅜ상담㉸ㅌ:AMD13588"
1307251988090859520,2020-09-19 09:35:36+00:00,"동네 한솥도시락이 폐점한다
테이블도 두개정도밖에 없는 테이크아웃전문인데도 이렇게 되나 싶다
이 동네 이사할때부터 쭉 있어오던 가게들이 하나둘 사라진다..나의 개동이네는 신천지 터졌을때 사라졌고 (›´ω`‹ )"
1307251327886475264,2020-09-19 09:32:58+00:00,"다이어트 만남 신천지 훈남 의정부 김밥 울주군 티팬티 
😀😀😀😀😀😀😀😀1
고액 재택알바 모집중
당일결제 10~30만원 
구매대행 알바 누구나가능
ㅜ상담㉸ㅌ:AMD13588"
1307247453133926400,2020-09-19 09:17:34+00:00,"다이어트 만남 신천지 훈남 의정부 김밥 울주군 티팬티 
😀😀😀😀😀😀😀😀1
고액 재택알바 모집중
당일결제 10~30만원 
구매대행 알바 누구나가능
ㅜ상담㉸ㅌ:AMD13588"
1307245038133415936,2020-09-19 09:07:59+00:00,"다이어트 만남 신천지 훈남 의정부 김밥 울주군 티팬티 
😀😀😀😀😀😀😀😀1
고액 재택알바 모집중
당일결제 10~30만원 
구매대행 알바 누구나가능
ㅜ상담㉸ㅌ:AMD13588"
1307230786869841920,2020-09-19 08:11:21+00:00,"다이어트 만남 신천지 훈남 의정부 김밥 울주군 티팬티 
😀😀😀😀😀😀😀😀1
고액 재택알바 모집중
당일결제 10~30만원 
구매대행 알바 누구나가능
ㅜ상담㉸ㅌ:AMD13588"
1307229447066546176,2020-09-19 08:06:01+00:00,"다이어트 만남 신천지 훈남 의정부 김밥 울주군 티팬티 
😀😀😀😀😀😀😀😀1
고액 재택알바 모집중
당일결제 10~30만원 
구매대행 알바 누구나가능
ㅜ상담㉸ㅌ:AMD13588"
1307229298365837312,2020-09-19 08:05:26+00:00,"다이어트 만남 신천지 훈남 의정부 김밥 울주군 티팬티 
😀😀😀😀😀😀😀😀1
고액 재택알바 모집중
당일결제 10~30만원 
구매대행 알바 누구나가능
ㅜ상담㉸ㅌ:AMD13588"
1307225606816317440,2020-09-19 07:50:46+00:00,"다이어트 만남 신천지 훈남 의정부 김밥 울주군 티팬티 
😀😀😀😀😀😀😀😀1
고액 재택알바 모집중
당일결제 10~30만원 
구매대행 알바 누구나가능
ㅜ상담㉸ㅌ:AMD13588"
1307202062145318912,2020-09-19 06:17:12+00:00,"다이어트 만남 신천지 훈남 의정부 김밥 울주군 티팬티 
😀😀😀😀😀😀😀😀1
고액 재택알바 모집중
당일결제 10~30만원 
구매대행 알바 누구나가능
ㅜ상담㉸ㅌ:AMD13588"
1307201530483757056,2020-09-19 06:15:06+00:00,"다이어트 만남 신천지 훈남 의정부 김밥 울주군 티팬티 
😀😀😀😀😀😀😀😀1
고액 재택알바 모집중
당일결제 10~30만원 
구매대행 알바 누구나가능
ㅜ상담㉸ㅌ:AMD13588"
1336163620833529856,2020-12-08 04:20:06+00:00,요즘 코로나 때문에 헬스도 못하니 뱃살 다시 나오는 듯ㅠㅠ 그래서 식단 관리라도 하려고 단백질쉐이크 챙겨 먹고 있는데 이거 진짜 괜찮네요. 포만감이 오래가서 자기 전까지 안배고픔;; 물이랑도 잘 섞이고 맛도 존맛ㅋㅋ 지금 세일하니까 필요한 사람 ㄱㄱ
1307200970355433473,2020-09-19 06:12:52+00:00,"국암당(국민의암) 비리 불법의 총체당

주호영  불법증여.세금탈루
나경원  아들딸입시사학비리의 총체
황교안  KT입시비리 국정농단비리의총체
장제원  아들음주비리 신천지엄청냔비리
윤석열  장모처비리  검찰조작음모비리총체

이것들을 즉각 구속하라
나경원 구속으로 
대한민국 정의 시작된다"
1307197564370841600,2020-09-19 05:59:20+00:00,"다이어트 만남 신천지 훈남 의정부 김밥 울주군 티팬티 
😀😀😀😀😀😀😀😀1
고액 재택알바 모집중
당일결제 10~30만원 
구매대행 알바 누구나가능
ㅜ상담㉸ㅌ:AMD13588"
1307191392721018881,2020-09-19 05:34:49+00:00,"다이어트 만남 신천지 훈남 의정부 김밥 울주군 티팬티 
😀😀😀😀😀😀😀😀1
고액 재택알바 모집중
당일결제 10~30만원 
구매대행 알바 누구나가능
ㅜ상담㉸ㅌ:AMD13588"
1307190929623670786,2020-09-19 05:32:58+00:00,이번 용산사건 보면 신천지도 실드치던 애들이 있었는데 용팔이 실드는 아무도 없네
1307190343360606209,2020-09-19 05:30:38+00:00,"다이어트 만남 신천지 훈남 의정부 김밥 울주군 티팬티 
😀😀😀😀😀😀😀😀1
고액 재택알바 모집중
당일결제 10~30만원 
구매대행 알바 누구나가능
ㅜ상담㉸ㅌ:AMD13588"
1307188138364682240,2020-09-19 05:21:53+00:00,"다이어트 만남 신천지 훈남 의정부 김밥 울주군 티팬티 
😀😀😀😀😀😀😀😀1
고액 재택알바 모집중
당일결제 10~30만원 
구매대행 알바 누구나가능
ㅜ상담㉸ㅌ:AMD13588"
1307187707181846528,2020-09-19 05:20:10+00:00,아니 시발 하느님의교회랑 신천지놈들 없어지니까 창가학회가 선교하고다니네 ㅋㅋㅋㅋㅋ
1307186390916980736,2020-09-19 05:14:56+00:00,"다이어트 만남 신천지 훈남 의정부 김밥 울주군 티팬티 
😀😀😀😀😀😀😀😀1
고액 재택알바 모집중
당일결제 10~30만원 
구매대행 알바 누구나가능
ㅜ상담㉸ㅌ:AMD13588"
1307185846127190018,2020-09-19 05:12:46+00:00,"다이어트 만남 신천지 훈남 의정부 김밥 울주군 티팬티 
😀😀😀😀😀😀😀😀1
고액 재택알바 모집중
당일결제 10~30만원 
구매대행 알바 누구나가능
ㅜ상담㉸ㅌ:AMD13588"
1307179143201566720,2020-09-19 04:46:08+00:00,아 진짜 이동메 신천지 존나많아 고맙다 에어팟
1307176873617571841,2020-09-19 04:37:07+00:00,"다이어트 만남 신천지 훈남 의정부 김밥 울주군 티팬티 
😀😀😀😀😀😀😀😀1
고액 재택알바 모집중
당일결제 10~30만원 
구매대행 알바 누구나가능
ㅜ상담㉸ㅌ:AMD13588"
1307174742147948549,2020-09-19 04:28:39+00:00,"속속 정부 지원금을 통한 시민단체 지원 외에 국정원이 개입했다거나 유령회사가 등장하는 비정상적인 지원에 대한 해법을 모색하기 위해 막장 드라마 연출 
#신천지 #신천지에빠진사람들"
1307172368683470850,2020-09-19 04:19:13+00:00,"다이어트 만남 신천지 훈남 의정부 김밥 울주군 티팬티 
😀😀😀😀😀😀😀😀1
고액 재택알바 모집중
당일결제 10~30만원 
구매대행 알바 누구나가능
ㅜ상담㉸ㅌ:AMD13588"
1307154982106329088,2020-09-19 03:10:08+00:00,수입이 없어 있는 재산 까먹는 집에 빚얻어 돈을 흥청멍청 쓰고 한술 더 떠 도둑이 주인행세하는 게 이 나라 꼬라지. 대깨신천지 대한민국이다.
1307145484352417792,2020-09-19 02:32:23+00:00,"다이어트 만남 신천지 훈남 의정부 김밥 울주군 티팬티 
😀😀😀😀😀😀😀😀1
고액 재택알바 모집중
당일결제 10~30만원 
구매대행 알바 누구나가능
ㅜ상담㉸ㅌ:AMD13588"
1307143653396152320,2020-09-19 02:25:07+00:00,"다이어트 만남 신천지 훈남 의정부 김밥 울주군 티팬티 
😀😀😀😀😀😀😀😀1
고액 재택알바 모집중
당일결제 10~30만원 
구매대행 알바 누구나가능
ㅜ상담㉸ㅌ:AMD13588"
1307140703047135232,2020-09-19 02:13:23+00:00,"다이어트 만남 신천지 훈남 의정부 김밥 울주군 티팬티 
😀😀😀😀😀😀😀😀1
고액 재택알바 모집중
당일결제 10~30만원 
구매대행 알바 누구나가능
ㅜ상담㉸ㅌ:AMD13588"
1307139435159597057,2020-09-19 02:08:21+00:00,"다이어트 만남 신천지 훈남 의정부 김밥 울주군 티팬티 
😀😀😀😀😀😀😀😀1
고액 재택알바 모집중
당일결제 10~30만원 
구매대행 알바 누구나가능
ㅜ상담㉸ㅌ:AMD13588"
1307131076469493760,2020-09-19 01:35:08+00:00,머구 올 때마다 느끼는 건데 첨에 신천지 때문에 다른 도시보다 몇 배로 고충 겪어서 그런지 방역시스템 참 잘 되어있는 것 같음(내가 사는 부산/경남에 비해)
1307104662294867968,2020-09-18 23:50:10+00:00,"걔가 신천지일 수 있음
(혈압"
1307096146897252352,2020-09-18 23:16:20+00:00,솔직한 말로 정책공부모임을 하는 이유중에 진영논리를 강화하려는 목적도 있거든~ 그중에서도 환단고기나 황우석 최배근같은 학문의 영역을 벗어난지 오래인 유사학문이자 준이데올로기로 공부하면 그냥 이데올로기 강화모임임 신천지 포교수단이 성경공부라는걸 생각해봐야...
1307093752985669633,2020-09-18 23:06:49+00:00,그렇게 시간이 흘러 인류는 종말을 고했고 지구는 끝이 났습니다. 그리고 만물의 주인인 나는 나의 신천지를 내려다보며 생각했죠. 보시기에 좋았더라.
1307083154759528449,2020-09-18 22:24:43+00:00,"오늘은 시작부터 쏘나기가 퍼붓는다. 비가 억수로 내려도 말라죽는 식물이 있다. 빗물이 미치지 못하는 곳에 자리잡고 있기 때문이다. 스스로 쏘나기 속으로 움직일 능력이 없으니, 바라만 보다가 말라 죽는다. 사람은 다를까? 신약 성취 신천지가 은혜의 쏘낙비가 아니던가?"
1307000812493774848,2020-09-18 16:57:31+00:00,"얘들아 나 다음학기 휴학하고 한국 들어가서 에버랜드 알바하려고 ,,,, 더이상 그 신천지 집에서 비빌수없어... 내 정신적 스트레스가 너무 크다"
1306991221798105088,2020-09-18 16:19:24+00:00,"다이어트 만남 신천지 훈남 의정부 김밥 울주군 티팬티 
😀😀😀😀😀😀😀😀1
고액 재택알바 모집중
당일결제 10~30만원 
구매대행 알바 누구나가능
ㅜ상담㉸ㅌ:AMD13588"
1306977554465603584,2020-09-18 15:25:06+00:00,전쟁에 있어 확실히 병사는 소모품입니다. 허나 나라의 기본이 되는 백성을 가볍게 여기는 국가는 머지않아 결국은 망하겠지요. 신천지를 손에 넣어도 씨앗을 잃어서는 번영 같은 걸 꿈꿀 수 있겠습니까?
1306972640951689217,2020-09-18 15:05:34+00:00,"다이어트 만남 신천지 훈남 의정부 김밥 울주군 티팬티 
😀😀😀😀😀😀😀😀1
고액 재택알바 모집중
당일결제 10~30만원 
구매대행 알바 누구나가능
ㅜ상담㉸ㅌ:AMD13588"
1306961130779156483,2020-09-18 14:19:50+00:00,"아무슨 신천지처럼
광고하셔서 넘웃기길래 커뮤가입했음(?)"
1306953920913092614,2020-09-18 13:51:11+00:00,내가 트이타 인생 살며 차단은 안해봤는데 벽화 봉사 검색치니까 신천지가 벽화봉사한게 주르륵 떠서 하나하나 차단 누르고 있음........... 많다..................
1306949481611419649,2020-09-18 13:33:33+00:00,"근데말이지 젊은이들 불쌍하다면서 정부 욕하던데
ㅋㄹㄴ 이렇게 심해진건 신천지 랑 사랑무슨 교회랑 광복절 집회 아님?
젊은 사람 불쌍햇ㅇㅡ면  이런거 햇으면 안됒지"
1306942981111296001,2020-09-18 13:07:43+00:00,"신천지랑 찢어죽여도 모자랄 ㅈㄱㅎ 일당들
때메 올해 야구장 한번을 못가고 시즌이 끝나겄다..
씨발것들아"
1306938877794373632,2020-09-18 12:51:24+00:00,아주 시발 다 지들 꺼야 시발 신천지도 가져가 시발
1306925121366441987,2020-09-18 11:56:45+00:00,"코로나. 신천지. 시민독재. 
정말 2020년 여러모로 엉망진창이다"
1306922159684501505,2020-09-18 11:44:58+00:00,"다이어트 만남 신천지 훈남 의정부 김밥 울주군 티팬티 
😀😀😀😀😀😀😀😀1
고액 재택알바 모집중
당일결제 10~30만원 
구매대행 알바 누구나가능
ㅜ상담㉸ㅌ:AMD13588"
1306919917367640070,2020-09-18 11:36:04+00:00,"와 나 방금 신천지 만났어 ㅋㅋㅋㅋㅋ
너무 뻔한 수법... 복이 많다 눈이 맑다...
뭐래 진짜 요새 피곤해서 동태눈깔이고만"
1306906054974873601,2020-09-18 10:40:59+00:00,"다이어트 만남 신천지 훈남 의정부 김밥 울주군 티팬티 
😀😀😀😀😀😀😀😀1
고액 재택알바 모집중
당일결제 10~30만원 
구매대행 알바 누구나가능
ㅜ상담㉸ㅌ:AMD13588"
1306904793672105985,2020-09-18 10:35:58+00:00,"다이어트 만남 신천지 훈남 의정부 김밥 울주군 티팬티 
😀😀😀😀😀😀😀😀1
고액 재택알바 모집중
당일결제 10~30만원 
구매대행 알바 누구나가능
ㅜ상담㉸ㅌ:AMD13588"
1306890376695943170,2020-09-18 09:38:41+00:00,오늘 한 몇 시간 고민하니까 저 새끼가 사실은 조직폭력집단을 가장한 신천지가 아닐까 하는 결론에 다다르더라
1306886516015202308,2020-09-18 09:23:20+00:00,"밖에 못나가 너때매 미쳐
(너 = 코로나, 신천지, 박사모)"
1306886331562209280,2020-09-18 09:22:36+00:00,신천지
1306875290401021952,2020-09-18 08:38:44+00:00,"신천지, 이태원, 해수욕장 인파, 모두 잘 헤쳐나가며 청정보령을 외쳤건만, 8월 22일 첫 확진자가 나오더니 청양 김치공장을 거쳐 충남해과고로 이어지니 봇물 터진듯 하다. 보령 20번까지 왔다. 언제, 어떻게 될지 모르니 청정한 동선을 유지해야 한다. 언제나 이 모든 것이 추억이 되려나?"
1306872478866665472,2020-09-18 08:27:34+00:00,"다이어트 만남 신천지 훈남 의정부 김밥 울주군 티팬티 
😀😀😀😀😀😀😀😀1
고액 재택알바 모집중
당일결제 10~30만원 
구매대행 알바 누구나가능
ㅜ상담㉸ㅌ:AMD13588"
1306869368773509120,2020-09-18 08:15:12+00:00,"ㅋㅋㅋ이시국 600만명 
느그들은 교회랑 신천지 욕하지말아라.. 광화문 집회도.."
1306867612723236866,2020-09-18 08:08:13+00:00,"다이어트 만남 신천지 훈남 의정부 김밥 울주군 티팬티 
😀😀😀😀😀😀😀😀1
고액 재택알바 모집중
당일결제 10~30만원 
구매대행 알바 누구나가능
ㅜ상담㉸ㅌ:AMD13588"
1306859486947151873,2020-09-18 07:35:56+00:00,"다이어트 만남 신천지 훈남 의정부 김밥 울주군 티팬티 
😀😀😀😀😀😀😀😀1
고액 재택알바 모집중
당일결제 10~30만원 
구매대행 알바 누구나가능
ㅜ상담㉸ㅌ:AMD13588"
1306859458216128512,2020-09-18 07:35:49+00:00,"갑자기 생각나서 쓰는 예전에 홍대에서 만난 신천지(?)썰
수능 막 끝나고 시간이 하도 남아돌아
주말에 혼자서 홍대를 갔었다
맨투맨도 하나 사고 마카롱도 사고 
룰루랄라 돌아다니고 있었는데 
한 머리 긴 여성분이 무슨 대학 과제?
그런거 하고 있다고 꽃 사진들 보여주면서"
1306850279598354432,2020-09-18 06:59:21+00:00,"엄마가 엄마 친구들이랑 영어 배우러 가는데 거기 목사님이 가르쳐준다는거야(엄마는 성당임) 그래서 1차 띠용하고 근데 또 공짜로,, 돈 받는 곳보다 더 열심히 가르쳐준다는거야 오늘은 성경구절 영어로 하는거 배웠대 너무 수상하지 않아? 내 주위에 핝남1명도 그렇게 신천지 간것같은데"
1306849404024885250,2020-09-18 06:55:52+00:00,"다이어트 만남 신천지 훈남 의정부 김밥 울주군 티팬티 
😀😀😀😀😀😀😀😀1
고액 재택알바 모집중
당일결제 10~30만원 
구매대행 알바 누구나가능
ㅜ상담㉸ㅌ:AMD13588"
1306847845333565441,2020-09-18 06:49:41+00:00,대학생 아니세요? 하고 신천지가 말걸었고 씹고 왔지만 기분약간 업됨
1306839625961361408,2020-09-18 06:17:01+00:00,"신천지 사례가 있잖아. 그래서 제일교회 사례도 이해 되는 것이다.

그리고 닫힌 곳에서 춤 같은 거 격렬하게 추는데, 지방서 수십명 걸리고"
1306821784331640832,2020-09-18 05:06:07+00:00,이시국에 왜 영화보러가냐 하시는분들.... 우리입장좀 생각해주세요 작년에 개봉해야할게 일본불매운동으로 미뤄지고 겨우 올해 봄 4월달에 개봉하려다가 신천지ᆞ이태원클럽ᆞ광화문집회로계속 미루고 미루다가 겨우 개봉한 영화이니... 우리도 이러고싶지 않았어요 아베나 ㅋㄹㄴ 퍼진 사람 멱살잡지
1306782838491156482,2020-09-18 02:31:22+00:00,"다이어트 만남 신천지 훈남 의정부 김밥 울주군 티팬티 
😀😀😀😀😀😀😀😀1
고액 재택알바 모집중
당일결제 10~30만원 
구매대행 알바 누구나가능
ㅜ상담㉸ㅌ:AMD13588"
1306780187544227842,2020-09-18 02:20:50+00:00,요즘은 신천지에선 코로나19가 안나오고 사랑제일교회에서만 많이 나오고 있네요.
1306779866310770689,2020-09-18 02:19:33+00:00,"다이어트 만남 신천지 훈남 의정부 김밥 울주군 티팬티 
😀😀😀😀😀😀😀😀1
고액 재택알바 모집중
당일결제 10~30만원 
구매대행 알바 누구나가능
ㅜ상담㉸ㅌ:AMD13588"
1306778151499038724,2020-09-18 02:12:44+00:00,신천지집단들이 지금까지 나에게 자행 하여지고 있는 일들과 내가 주장하는 얘기들을 허위로 돌리는데 방점이 꽂혀있어서 문제가 될만한 사람들은 돌려 막기식으로 빼내고 잘 교육된 필요 적절사람들을 내 주변에 붙여서 지금까지 작업하고 있습니다.
1306777185567617024,2020-09-18 02:08:54+00:00,나에게 신천지 신도같은 믿음이 있었다면...sibal 재기
1306776851587633154,2020-09-18 02:07:34+00:00,"이명박근혜 시절 단톡방.이랑 지금 단톡방이랑 비교하면 세금을 왜 내는지 모르겠다.
경제는 단군 이래 좋다고 말하던 사람이 있었느냐.쿡 사태 때는 있는 집은 원래 저랬대.애미추는 여자라서 당하는 것(박근혜는 염색체 XY냐?ㅋㅋ).방역 망치는 것들은 신천지랑 815집회."
1306768927549042689,2020-09-18 01:36:05+00:00,신천지마냥 아무나 붙잡고 기운이 좋으시네요 빵왼 같이 해요 하고 싶다 그치만 나만 구원받을수업고모두빵왼해서구원받아야해요
1306766477555458048,2020-09-18 01:26:21+00:00,"다이어트 만남 신천지 훈남 의정부 김밥 울주군 티팬티 
😀😀😀😀😀😀😀😀1
고액 재택알바 모집중
당일결제 10~30만원 
구매대행 알바 누구나가능
ㅜ상담㉸ㅌ:AMD13588"
1306764846474686466,2020-09-18 01:19:52+00:00,신천지씨 안 반가워요.
1306738718183628800,2020-09-17 23:36:03+00:00,한국의 코로나 감염은 신천지 이만희와 사탄제일교회 전광훈이 거의 다 퍼트렸다고 보면 정확하다
1306730218154012672,2020-09-17 23:02:16+00:00,"다이어트 만남 신천지 훈남 의정부 김밥 울주군 티팬티 
😀😀😀😀😀😀😀😀1
고액 재택알바 모집중
당일결제 10~30만원 
구매대행 알바 누구나가능
ㅜ상담㉸ㅌ:AMD13588"
1306722192441311237,2020-09-17 22:30:23+00:00,"다이어트 만남 신천지 훈남 의정부 김밥 울주군 티팬티 
😀😀😀😀😀😀😀😀1
고액 재택알바 모집중
당일결제 10~30만원 
구매대행 알바 누구나가능
ㅜ상담㉸ㅌ:AMD13588"
1306706273811853313,2020-09-17 21:27:07+00:00,"다이어트 만남 신천지 훈남 의정부 김밥 울주군 티팬티 
😀😀😀😀😀😀😀😀1
고액 재택알바 모집중
당일결제 10~30만원 
구매대행 알바 누구나가능
ㅜ상담㉸ㅌ:AMD13588"
1306692313033314304,2020-09-17 20:31:39+00:00,"다이어트 만남 신천지 훈남 의정부 김밥 울주군 티팬티 
😀😀😀😀😀😀😀😀1
고액 재택알바 모집중
당일결제 10~30만원 
구매대행 알바 누구나가능
ㅜ상담㉸ㅌ:AMD13588"
1306688050445955072,2020-09-17 20:14:42+00:00,"한 달 만에 드러난 감염경로..결국 '사랑제일교회'

어제 낮부터 시작한 나의 코로나소멸 3일 금식은~어제밤 실패로 돌아갔다~다시 9월18일 부터 3일 금식 다시 들어간다~! 결국! 이땅에 코로나19는~하나님 말씀대로~신천지, 사랑제일교회 이단종교가~~하나님의 뜻을 져버리고

◀ 리포트 ▶"
1306684650056605696,2020-09-17 20:01:12+00:00,신천지를 즉각 해체시키고 사이비 이단교주 이만희를 역사의 심판으로 즉각 처단시키는 것이 필요한 시기입니다.
1306684570272628736,2020-09-17 20:00:53+00:00,신천지를 즉각 해체시키고 사이비 이단교주 이만희를 역사의 심판으로 즉각 처단시키는 것이 필요한 시기라고 저는 생각합니다.
1306684308879413249,2020-09-17 19:59:50+00:00,신천지를 즉각 해체시키고 사이비 이단교주 이만희를 역사의 심판으로 즉각 처단시키는 것이 매우 필요한 시기입니다.
1306684171134234626,2020-09-17 19:59:18+00:00,신천지를 즉각 해체시키고 사이비 이단교주 이만희를 역사의 심판으로 즉각 처단시키는 것이 매우 필요한 시기라고 저는 생각합니다.
1306683914233159680,2020-09-17 19:58:16+00:00,신천지를 해체시키고 사이비 이단교주 이만희를 역사의 심판으로 처단시키는 것이 필요한 시기입니다.
1306683804434665472,2020-09-17 19:57:50+00:00,신천지를 해체시키고 사이비 이단교주 이만희를 역사의 심판으로 처단시키는 것이 필요한 시기라고 저는 생각합니다.
1306683648934993920,2020-09-17 19:57:13+00:00,신천지를 해체시키고 사이비 이단교주 이만희를 역사의 심판으로 처단시키는 것이 매우 필요한 시기입니다.
1306683507553390593,2020-09-17 19:56:39+00:00,신천지를 해체시키고 사이비 이단교주 이만희를 역사의 심판으로 처단시키는 것이 매우 필요한 시기라고 저는 생각합니다.
1306676331904512000,2020-09-17 19:28:09+00:00,"다이어트 만남 신천지 훈남 의정부 김밥 울주군 티팬티 
😀😀😀😀😀😀😀😀1
고액 재택알바 모집중
당일결제 10~30만원 
구매대행 알바 누구나가능
ㅜ상담㉸ㅌ:AMD13588"
1306662828942569472,2020-09-17 18:34:29+00:00,"다이어트 만남 신천지 훈남 의정부 김밥 울주군 티팬티 
😀😀😀😀😀😀😀😀1
고액 재택알바 모집중
당일결제 10~30만원 
구매대행 알바 누구나가능
ㅜ상담㉸ㅌ:AMD13588"
1306661104249053185,2020-09-17 18:27:38+00:00,"다이어트 만남 신천지 훈남 의정부 김밥 울주군 티팬티 
😀😀😀😀😀😀😀😀1
고액 재택알바 모집중
당일결제 10~30만원 
구매대행 알바 누구나가능
ㅜ상담㉸ㅌ:AMD13588"
1306646788498051072,2020-09-17 17:30:45+00:00,"다이어트 만남 신천지 훈남 의정부 김밥 울주군 티팬티 
😀😀😀😀😀😀😀😀1
고액 재택알바 모집중
당일결제 10~30만원 
구매대행 알바 누구나가능
ㅜ상담㉸ㅌ:AMD13588"
1306631309268103169,2020-09-17 16:29:14+00:00,"다이어트 만남 신천지 훈남 의정부 김밥 울주군 티팬티 
😀😀😀😀😀😀😀😀1
고액 재택알바 모집중
당일결제 10~30만원 
구매대행 알바 누구나가능
ㅜ상담㉸ㅌ:AMD13588"
1306623638347460608,2020-09-17 15:58:45+00:00,근데 내 쌍수 타이밍도 기가 막혔던 게 1월 중순에 했고 일주일 동안 주사 맞으러 가고 나서 신천지 터졌었음
1306616618089242624,2020-09-17 15:30:52+00:00,"다이어트 만남 신천지 훈남 의정부 김밥 울주군 티팬티 
😀😀😀😀😀😀😀😀1
고액 재택알바 모집중
당일결제 10~30만원 
구매대행 알바 누구나가능
ㅜ상담㉸ㅌ:AMD13588"
1306610132130738176,2020-09-17 15:05:05+00:00,"국가별 코비드19 확진자 숫자를 보면, 대만[2.4천만] 500명, 베트남[9.6천만] 1000명, 뉴질랜드[490만] 1800명, 태국[7천만] 3500명...등의 국가들이 눈에 띄는데, 장담컨데 신천지, 러브젤 없었으면 한국 확진자 숫자 1천명 미만이었을 듯. 개천절에 기어나오는 좀비 새끼들은 무조건 잡아 족쳐야함"
1306609163661795338,2020-09-17 15:01:14+00:00,난 진짜 신천지 사태 지나고 9명인가까지 일일 확진자 떨어졌을때 다행히 끝나는구나 라고 생각해씀.
1306606714779697153,2020-09-17 14:51:31+00:00,"성능적으로필요없는데디안사가아른거려요...후,신천지가이렇게나위험합니다"
1306602381023477760,2020-09-17 14:34:17+00:00,"다이어트 만남 신천지 훈남 의정부 김밥 울주군 티팬티 
😀😀😀😀😀😀😀😀1
고액 재택알바 모집중
당일결제 10~30만원 
구매대행 알바 누구나가능
ㅜ상담㉸ㅌ:AMD13588"
1306592728214466560,2020-09-17 13:55:56+00:00,아니저거랑 신천지가 뭔 상관이냐구욬ㅋㅋㅋㅋㅋㅋㅋㅋㅋㅋㅋㅋㅋㅋㅋㅋㅋㅋㅋㅋㅋㅋㅋㅋㅋㅋㅋㅋㅋㅋㅋㅋㅋㅋㅋㅋㅋㅋㅋㅋㅋㅋㅋㅋㅋㅋㅋㅋㅋㅋ
1306587496306806786,2020-09-17 13:35:08+00:00,"하나님은 생명의 시작도 없고, 생명의 끝도 없다. 그런데 사람은 생명의 시작이 있고, 끝이 있다. 고로 사람이 하나님을 이해하는 게 어렵다. 공간도, 시간도, 거리도, 생명도 한계 안에 갇혀 사는 사람이 무한을 이해하기 어렵다. 신천지인은 무한 곧 영원에 도전한다."
1306586304587550721,2020-09-17 13:30:24+00:00,"다이어트 만남 신천지 훈남 의정부 김밥 울주군 티팬티 
😀😀😀😀😀😀😀😀1
고액 재택알바 모집중
당일결제 10~30만원 
구매대행 알바 누구나가능
ㅜ상담㉸ㅌ:AMD13588"
1306584647053107201,2020-09-17 13:23:49+00:00,"신천지의 하나님, 현재 신천지에 육체의 병고로 신음하는 자들이 많으니, 아버지께서 친히 치료해 주셔서 강건하게 해 주십시요. 신인합일의 혼인잔치에 들어가게 해 주십시요. 지금 전세계의 하나님을 믿는 사람들이 코로나 종식을 위하여 기도하고 있으니 응답해 주십시요."
1306583049232998400,2020-09-17 13:17:28+00:00,"정신의 고통과 육체의 고통에서 영원히 해방됨은 실로 좋은 일이다. 신천지에서 이 일이 이루어진다 하니 너무 좋다. 곡하는 일이나, 슬퍼하는 일이나, 아픈 것이나, 죽는 일이 없어진다. 이는 사람이 믿든 안 믿든 하나님께서 은혜로 주신다. 신천지에 있는 게 행복하다."
1306578766760521732,2020-09-17 13:00:27+00:00,부소장님 픽뚫로 와주십쇼 신천지맨한테 도부당햇습니다
1306573574820392960,2020-09-17 12:39:49+00:00,저는 약물치료만 하고 있어서... 상담치료부터 하려다가 신천지 꼬여서 그 이후로 상담은 쳐다도 안 보고 있네요 뭐 개인차가 있겠지만 전 굳이 상담이 필요한 편도 아니라서요~
1306572036332871682,2020-09-17 12:33:43+00:00,"다이어트 만남 신천지 훈남 의정부 김밥 울주군 티팬티 
😀😀😀😀😀😀😀😀1
고액 재택알바 모집중
당일결제 10~30만원 
구매대행 알바 누구나가능
ㅜ상담㉸ㅌ:AMD13588"
1306559415282094080,2020-09-17 11:43:33+00:00,"신천지에 87역 손배소를 했단다. 문제는 중국인 입국이었는데,코로나방역을 위해서 전 세계가 중국인 입국금지를 할 때도,꾸준히 중국인 입국을 유도했던(중국유학생 대접은 의사한테보다 나았지)문통이 손배소를 당해야하는거 아닌가?"
1306558695413669889,2020-09-17 11:40:42+00:00,신천지보다 더 하다 진짜 ㅉㅉ
1306555901076094976,2020-09-17 11:29:36+00:00,"다이어트 만남 신천지 훈남 의정부 김밥 울주군 티팬티 
😀😀😀😀😀😀😀😀1
고액 재택알바 모집중
당일결제 10~30만원 
구매대행 알바 누구나가능
ㅜ상담㉸ㅌ:AMD13588"
1306554146800066561,2020-09-17 11:22:37+00:00,커뮤 사물함게임에서 관캐한테 신천지 써져있는 사진 보낸 썰 푼다
1306542363796336640,2020-09-17 10:35:48+00:00,"다이어트 만남 신천지 훈남 의정부 김밥 울주군 티팬티 
😀😀😀😀😀😀😀😀1
고액 재택알바 모집중
당일결제 10~30만원 
구매대행 알바 누구나가능
ㅜ상담㉸ㅌ:AMD13588"
1306540794279391232,2020-09-17 10:29:34+00:00,"다이어트 만남 신천지 훈남 의정부 김밥 울주군 티팬티 
😀😀😀😀😀😀😀😀1
고액 재택알바 모집중
당일결제 10~30만원 
구매대행 알바 누구나가능
ㅜ상담㉸ㅌ:AMD13588"
1306529573652189184,2020-09-17 09:44:59+00:00,여러분 요즘 신천지가 다시 판을 쳐요 다들 조심~
1336163620833529856,2020-12-08 04:20:06+00:00,요즘 코로나 때문에 헬스도 못하니 뱃살 다시 나오는 듯ㅠㅠ 그래서 식단 관리라도 하려고 단백질쉐이크 챙겨 먹고 있는데 이거 진짜 괜찮네요. 포만감이 오래가서 자기 전까지 안배고픔;; 물이랑도 잘 섞이고 맛도 존맛ㅋㅋ 지금 세일하니까 필요한 사람 ㄱㄱ
1306526527660539905,2020-09-17 09:32:52+00:00,"다이어트 만남 신천지 훈남 의정부 김밥 울주군 티팬티 
😀😀😀😀😀😀😀😀1
고액 재택알바 모집중
당일결제 10~30만원 
구매대행 알바 누구나가능
ㅜ상담㉸ㅌ:AMD13588"
1306519274572320769,2020-09-17 09:04:03+00:00,"다이어트 만남 신천지 훈남 의정부 김밥 울주군 티팬티 
😀😀😀😀😀😀😀😀1
고액 재택알바 모집중
당일결제 10~30만원 
구매대행 알바 누구나가능
ㅜ상담㉸ㅌ:AMD13588"
1306513127895232513,2020-09-17 08:39:38+00:00,"다이어트 만남 신천지 훈남 의정부 김밥 울주군 티팬티 
😀😀😀😀😀😀😀😀1
고액 재택알바 모집중
당일결제 10~30만원 
구매대행 알바 누구나가능
ㅜ상담㉸ㅌ:AMD13588"
1306512258944528384,2020-09-17 08:36:11+00:00,진보당에 모이는 20대들이나 한대련에 참가하는 애들 어떻게 보면 불쌍한 애들임. 소속감을 그런데 아니면 못 찾는 불쌍한 영혼들. 신천지에 빠지는 거하고 비슷한 메커니즘임
1306497084200108032,2020-09-17 07:35:53+00:00,"다이어트 만남 신천지 훈남 의정부 김밥 울주군 티팬티 
😀😀😀😀😀😀😀😀1
고액 재택알바 모집중
당일결제 10~30만원 
구매대행 알바 누구나가능
ㅜ상담㉸ㅌ:AMD13588"
1306497043267944449,2020-09-17 07:35:43+00:00,"다이어트 만남 신천지 훈남 의정부 김밥 울주군 티팬티 
😀😀😀😀😀😀😀😀1
고액 재택알바 모집중
당일결제 10~30만원 
구매대행 알바 누구나가능
ㅜ상담㉸ㅌ:AMD13588"
1306489704846708736,2020-09-17 07:06:33+00:00,그렇게 시간이 흘러 인류는 종말을 고했고 지구는 끝이 났습니다. 그리고 만물의 주인인 나는 나의 신천지를 내려다보며 생각했죠. 보시기에 좋았더라.
1306483355500777479,2020-09-17 06:41:19+00:00,"다이어트 만남 신천지 훈남 의정부 김밥 울주군 티팬티 
😀😀😀😀😀😀😀😀1
고액 재택알바 모집중
당일결제 10~30만원 
구매대행 알바 누구나가능
ㅜ상담㉸ㅌ:AMD13588"
1306466980677918721,2020-09-17 05:36:15+00:00,"다이어트 만남 신천지 훈남 의정부 김밥 울주군 티팬티 
😀😀😀😀😀😀😀😀1
고액 재택알바 모집중
당일결제 10~30만원 
구매대행 알바 누구나가능
ㅜ상담㉸ㅌ:AMD13588"
1306466509712101378,2020-09-17 05:34:23+00:00,"다이어트 만남 신천지 훈남 의정부 김밥 울주군 티팬티 
😀😀😀😀😀😀😀😀1
고액 재택알바 모집중
당일결제 10~30만원 
구매대행 알바 누구나가능
ㅜ상담㉸ㅌ:AMD13588"
1306453680548245505,2020-09-17 04:43:24+00:00,"다이어트 만남 신천지 훈남 의정부 김밥 울주군 티팬티 
😀😀😀😀😀😀😀😀1
고액 재택알바 모집중
당일결제 10~30만원 
구매대행 알바 누구나가능
ㅜ상담㉸ㅌ:AMD13588"
1306452636376334336,2020-09-17 04:39:15+00:00,나... 거의 고로롱의 아이콘인데 (신천지 개난리 때에 대구 남구에 있었고 광화문 개난리에 맞추어 송파구로 이동함) 약간... 강해진 것 같아.
1306447349850333184,2020-09-17 04:18:15+00:00,서울봉쇄령 언제내림? 신천지 터졌을때 대구시민 다 숨죽이고 골목 텅텅 비우고 살았는데 여긴 아닌가벼~~
1306447315427667969,2020-09-17 04:18:07+00:00,"그런데 신천지는 참 트위터 트렌드도 잘 만들어. 조직의 힘이 아주 그냥, 다 지옥불로."
1306447181608435713,2020-09-17 04:17:35+00:00,신천지가 지금까지외출 할때마다 입구 부근부터 나를 미행하고 있는데요. 이런행실을 외출할때마다무시하고기도도 그렇게 외출하면 현장에서신경쓰지아니하려해도 이들과 여러 마찰이생기되고 귀가하게되면 화가 치밀고 기도도나오지 않을때가 많습니다.이럴때마다참고있다 충동적인 글을 쓰게 됩니다.
1306446854486257664,2020-09-17 04:16:17+00:00,"다이어트 만남 신천지 훈남 의정부 김밥 울주군 티팬티 
😀😀😀😀😀😀😀😀1
고액 재택알바 모집중
당일결제 10~30만원 
구매대행 알바 누구나가능
ㅜ상담㉸ㅌ:AMD13588"
1306445257475727360,2020-09-17 04:09:56+00:00,온라인이구나 하지만 신천지는 거른다.
1306444677478932480,2020-09-17 04:07:38+00:00,"다이어트 만남 신천지 훈남 의정부 김밥 울주군 티팬티 
😀😀😀😀😀😀😀😀1
고액 재택알바 모집중
당일결제 10~30만원 
구매대행 알바 누구나가능
ㅜ상담㉸ㅌ:AMD13588"
1306443630391881729,2020-09-17 04:03:28+00:00,신천지가 2012년 말귀 못알아듣는 노동현장에서 노숙자를 같은팀으로 붙여놓고 모략으로 충동질하여 일방적인 폭력을 행사하게하여 앞 이가 부러져서 노숙자는 벌금 이백만원 받고 합이도 바 주지 않고 잠수타서 민사까지 해서 원금만 오백만원 나왔는데 지금까지 한푼도 받지 못했습니다.
1306442370687201280,2020-09-17 03:58:28+00:00,"다이어트 만남 신천지 훈남 의정부 김밥 울주군 티팬티 
😀😀😀😀😀😀😀😀1
고액 재택알바 모집중
당일결제 10~30만원 
구매대행 알바 누구나가능
ㅜ상담㉸ㅌ:AMD13588"
1306441752857911296,2020-09-17 03:56:01+00:00,"다이어트 만남 신천지 훈남 의정부 김밥 울주군 티팬티 
😀😀😀😀😀😀😀😀1
고액 재택알바 모집중
당일결제 10~30만원 
구매대행 알바 누구나가능
ㅜ상담㉸ㅌ:AMD13588"
1306440042315882496,2020-09-17 03:49:13+00:00,실트눌럿는데 신천지 ㅋㅋ 니들때문에 크게 시작된건 없는척하지 마라
1306439524810096641,2020-09-17 03:47:09+00:00,코로나 19 종식이 실트로 떠있어서 보니까 또 신천지얔ㅋㅋㅋㅋㅋㅋㅋ 신천지 진짜 화력 무엇..? ㅎ.....너무 싫군^^
1306439051914833920,2020-09-17 03:45:17+00:00,"실트에 뜬 ""코로나19종식"" 키워드
신천지가 뭐 전쟁종식 세계평화 이러면서 약팔고 다니던 그 패턴 그대로 트위터 공작을 진행중이오니 사교도 경보를 발령합니다."
1306437490744549376,2020-09-17 03:39:04+00:00,코로나 종식 실트 뭔가 했는데 신천지가 또 기어오르네
1306436644657008640,2020-09-17 03:35:43+00:00,"다이어트 만남 신천지 훈남 의정부 김밥 울주군 티팬티 
😀😀😀😀😀😀😀😀1
고액 재택알바 모집중
당일결제 10~30만원 
구매대행 알바 누구나가능
ㅜ상담㉸ㅌ:AMD13588"
1306434776602116097,2020-09-17 03:28:17+00:00,"이시발 또 신천지 실트가올라오네
좆같이(떼블락하러감"
1306424356151545856,2020-09-17 02:46:53+00:00,"다이어트 만남 신천지 훈남 의정부 김밥 울주군 티팬티 
😀😀😀😀😀😀😀😀1
고액 재택알바 모집중
당일결제 10~30만원 
구매대행 알바 누구나가능
ㅜ상담㉸ㅌ:AMD13588"
1306419303508447232,2020-09-17 02:26:48+00:00,"다이어트 만남 신천지 훈남 의정부 김밥 울주군 티팬티 
😀😀😀😀😀😀😀😀1
고액 재택알바 모집중
당일결제 10~30만원 
구매대행 알바 누구나가능
ㅜ상담㉸ㅌ:AMD13588"
1306416179393650688,2020-09-17 02:14:23+00:00,"다이어트 만남 신천지 훈남 의정부 김밥 울주군 티팬티 
😀😀😀😀😀😀😀😀1
고액 재택알바 모집중
당일결제 10~30만원 
구매대행 알바 누구나가능
ㅜ상담㉸ㅌ:AMD13588"
1306413439296757760,2020-09-17 02:03:30+00:00,"다이어트 만남 신천지 훈남 의정부 김밥 울주군 티팬티 
😀😀😀😀😀😀😀😀1
고액 재택알바 모집중
당일결제 10~30만원 
구매대행 알바 누구나가능
ㅜ상담㉸ㅌ:AMD13588"
1306413238192463872,2020-09-17 02:02:42+00:00,다단계하지마신천지하지마쫌!!!!!!!!!집에잇어마스크써!!!!!!!@!!!!!!!!!!!!!!!
1306410789348073472,2020-09-17 01:52:58+00:00,"다이어트 만남 신천지 훈남 의정부 김밥 울주군 티팬티 
😀😀😀😀😀😀😀😀1
고액 재택알바 모집중
당일결제 10~30만원 
구매대행 알바 누구나가능
ㅜ상담㉸ㅌ:AMD13588"
1306408307511369728,2020-09-17 01:43:07+00:00,"다이어트 만남 신천지 훈남 의정부 김밥 울주군 티팬티 
😀😀😀😀😀😀😀😀1
고액 재택알바 모집중
당일결제 10~30만원 
구매대행 알바 누구나가능
ㅜ상담㉸ㅌ:AMD13588"
1306404783171878912,2020-09-17 01:29:06+00:00,"다이어트 만남 신천지 훈남 의정부 김밥 울주군 티팬티 
😀😀😀😀😀😀😀😀1
고액 재택알바 모집중
당일결제 10~30만원 
구매대행 알바 누구나가능
ㅜ상담㉸ㅌ:AMD13588"
1306404628892807168,2020-09-17 01:28:30+00:00,"사이비라는 말이 싫은거에요? 사이비, 완전 사이비. 세계제일 사이비. 거짓말쟁이. 구라뻥쟁이. 공방에 데려가준다고 했던것도 구라였죠? 그 정체를 알 수 없는 사이비 종교에 데려갈 생각이었던거였죠? 마치 신천지 처럼?"
1306404425729101824,2020-09-17 01:27:41+00:00,"다이어트 만남 신천지 훈남 의정부 김밥 울주군 티팬티 
😀😀😀😀😀😀😀😀1
고액 재택알바 모집중
당일결제 10~30만원 
구매대행 알바 누구나가능
ㅜ상담㉸ㅌ:AMD13588"
1306401358594023424,2020-09-17 01:15:30+00:00,"다이어트 만남 신천지 훈남 의정부 김밥 울주군 티팬티 
😀😀😀😀😀😀😀😀1
고액 재택알바 모집중
당일결제 10~30만원 
구매대행 알바 누구나가능
ㅜ상담㉸ㅌ:AMD13588"
1306395573843496961,2020-09-17 00:52:31+00:00,"다이어트 만남 신천지 훈남 의정부 김밥 울주군 티팬티 
😀😀😀😀😀😀😀😀1
고액 재택알바 모집중
당일결제 10~30만원 
구매대행 알바 누구나가능
ㅜ상담㉸ㅌ:AMD13588"
1306392851224252416,2020-09-17 00:41:41+00:00,"다이어트 만남 신천지 훈남 의정부 김밥 울주군 티팬티 
😀😀😀😀😀😀😀😀1
고액 재택알바 모집중
당일결제 10~30만원 
구매대행 알바 누구나가능
ㅜ상담㉸ㅌ:AMD13588"
1306391308211122178,2020-09-17 00:35:34+00:00,"다이어트 만남 신천지 훈남 의정부 김밥 울주군 티팬티 
😀😀😀😀😀😀😀😀1
고액 재택알바 모집중
당일결제 10~30만원 
구매대행 알바 누구나가능
ㅜ상담㉸ㅌ:AMD13588"
1306390109948792832,2020-09-17 00:30:48+00:00,"다이어트 만남 신천지 훈남 의정부 김밥 울주군 티팬티 
😀😀😀😀😀😀😀😀1
고액 재택알바 모집중
당일결제 10~30만원 
구매대행 알바 누구나가능
ㅜ상담㉸ㅌ:AMD13588"
1306386387319451648,2020-09-17 00:16:00+00:00,"다이어트 만남 신천지 훈남 의정부 김밥 울주군 티팬티 
😀😀😀😀😀😀😀😀1
고액 재택알바 모집중
당일결제 10~30만원 
구매대행 알바 누구나가능
ㅜ상담㉸ㅌ:AMD13588"
1306383478016024576,2020-09-17 00:04:27+00:00,"다이어트 만남 신천지 훈남 의정부 김밥 울주군 티팬티 
😀😀😀😀😀😀😀😀1
고액 재택알바 모집중
당일결제 10~30만원 
구매대행 알바 누구나가능
ㅜ상담㉸ㅌ:AMD13588"
1306380796949749760,2020-09-16 23:53:48+00:00,"다이어트 만남 신천지 훈남 의정부 김밥 울주군 티팬티 
😀😀😀😀😀😀😀😀1
고액 재택알바 모집중
당일결제 10~30만원 
구매대행 알바 누구나가능
ㅜ상담㉸ㅌ:AMD13588"
1306377794226515968,2020-09-16 23:41:52+00:00,"다이어트 만남 신천지 훈남 의정부 김밥 울주군 티팬티 
😀😀😀😀😀😀😀😀1
고액 재택알바 모집중
당일결제 10~30만원 
구매대행 알바 누구나가능
ㅜ상담㉸ㅌ:AMD13588"
1306376533456556032,2020-09-16 23:36:51+00:00,"ㅋㅋㅋㅋㅋㅋㅋㅋㅋㅋ아 실친톡방에서 위대하신 그 분을 믿어 라고 누가 올리길래 뭐?! 얘네 메이플해? 하면서 들어갔는데 

누구는 크툴루 얘기하고 누구는 검마님 생각하고 누구는 신천지 생각했대 웃겨 죽음.,.."
1306375390798045184,2020-09-16 23:32:19+00:00,"다이어트 만남 신천지 훈남 의정부 김밥 울주군 티팬티 
😀😀😀😀😀😀😀😀1
고액 재택알바 모집중
당일결제 10~30만원 
구매대행 알바 누구나가능
ㅜ상담㉸ㅌ:AMD13588"
1306374443548073984,2020-09-16 23:28:33+00:00,"다이어트 만남 신천지 훈남 의정부 김밥 울주군 티팬티 
😀😀😀😀😀😀😀😀1
고액 재택알바 모집중
당일결제 10~30만원 
구매대행 알바 누구나가능
ㅜ상담㉸ㅌ:AMD13588"
1306371620919848960,2020-09-16 23:17:20+00:00,"다이어트 만남 신천지 훈남 의정부 김밥 울주군 티팬티 
😀😀😀😀😀😀😀😀1
고액 재택알바 모집중
당일결제 10~30만원 
구매대행 알바 누구나가능
ㅜ상담㉸ㅌ:AMD13588"
1306368990822805506,2020-09-16 23:06:53+00:00,"다이어트 만남 신천지 훈남 의정부 김밥 울주군 티팬티 
😀😀😀😀😀😀😀😀1
고액 재택알바 모집중
당일결제 10~30만원 
구매대행 알바 누구나가능
ㅜ상담㉸ㅌ:AMD13588"
1306366446180597760,2020-09-16 22:56:46+00:00,"다이어트 만남 신천지 훈남 의정부 김밥 울주군 티팬티 
😀😀😀😀😀😀😀😀1
고액 재택알바 모집중
당일결제 10~30만원 
구매대행 알바 누구나가능
ㅜ상담㉸ㅌ:AMD13588"
1306363665721901056,2020-09-16 22:45:43+00:00,"다이어트 만남 신천지 훈남 의정부 김밥 울주군 티팬티 
😀😀😀😀😀😀😀😀1
고액 재택알바 모집중
당일결제 10~30만원 
구매대행 알바 누구나가능
ㅜ상담㉸ㅌ:AMD13588"
1306361867825106944,2020-09-16 22:38:34+00:00,그러타쿠 신천지라거나 남묘호렌겡쿄라기나 백신반대론자라거나 큐아넌은 아니야...
1306361318677442560,2020-09-16 22:36:24+00:00,"다이어트 만남 신천지 훈남 의정부 김밥 울주군 티팬티 
😀😀😀😀😀😀😀😀1
고액 재택알바 모집중
당일결제 10~30만원 
구매대행 알바 누구나가능
ㅜ상담㉸ㅌ:AMD13588"
1306360709379317765,2020-09-16 22:33:58+00:00,"다이어트 만남 신천지 훈남 의정부 김밥 울주군 티팬티 
😀😀😀😀😀😀😀😀1
고액 재택알바 모집중
당일결제 10~30만원 
구매대행 알바 누구나가능
ㅜ상담㉸ㅌ:AMD13588"
1306357930749382657,2020-09-16 22:22:56+00:00,"다이어트 만남 신천지 훈남 의정부 김밥 울주군 티팬티 
😀😀😀😀😀😀😀😀1
고액 재택알바 모집중
당일결제 10~30만원 
구매대행 알바 누구나가능
ㅜ상담㉸ㅌ:AMD13588"
1306355137661739008,2020-09-16 22:11:50+00:00,"다이어트 만남 신천지 훈남 의정부 김밥 울주군 티팬티 
😀😀😀😀😀😀😀😀1
고액 재택알바 모집중
당일결제 10~30만원 
구매대행 알바 누구나가능
ㅜ상담㉸ㅌ:AMD13588"
1306345302459203584,2020-09-16 21:32:45+00:00,"다이어트 만남 신천지 훈남 의정부 김밥 울주군 티팬티 
😀😀😀😀😀😀😀😀1
고액 재택알바 모집중
당일결제 10~30만원 
구매대행 알바 누구나가능
ㅜ상담㉸ㅌ:AMD13588"
1306344394404978688,2020-09-16 21:29:08+00:00,"다이어트 만남 신천지 훈남 의정부 김밥 울주군 티팬티 
😀😀😀😀😀😀😀😀1
고액 재택알바 모집중
당일결제 10~30만원 
구매대행 알바 누구나가능
ㅜ상담㉸ㅌ:AMD13588"
1306344067899375616,2020-09-16 21:27:51+00:00,"다이어트 만남 신천지 훈남 의정부 김밥 울주군 티팬티 
😀😀😀😀😀😀😀😀1
고액 재택알바 모집중
당일결제 10~30만원 
구매대행 알바 누구나가능
ㅜ상담㉸ㅌ:AMD13588"
1306342590208331778,2020-09-16 21:21:58+00:00,"다이어트 만남 신천지 훈남 의정부 김밥 울주군 티팬티 
😀😀😀😀😀😀😀😀1
고액 재택알바 모집중
당일결제 10~30만원 
구매대행 알바 누구나가능
ㅜ상담㉸ㅌ:AMD13588"
1306341290070556673,2020-09-16 21:16:48+00:00,신천지 참빛교회 두 번째 전쟁과 평화 사진전
1306339897385443328,2020-09-16 21:11:16+00:00,"다이어트 만남 신천지 훈남 의정부 김밥 울주군 티팬티 
😀😀😀😀😀😀😀😀1
고액 재택알바 모집중
당일결제 10~30만원 
구매대행 알바 누구나가능
ㅜ상담㉸ㅌ:AMD13588"
1306337750296133634,2020-09-16 21:02:44+00:00,"신천지 신도수는 20만명이 아니며, 여태까지 사실 20만을 넘기지 못했습니다
모태신천지인데 자기는 탈퇴선언하고 이만희 개씹새끼를 외치는데 제적상 신천지신도로 기록되어 고통받는 애들도 있고 애매비 출타한 담당 전도사가 지들 심방 이지랄하기 귀찮다고 일부러 재적에 그대로 둔 새끼도 많음"
1306337039772610560,2020-09-16 20:59:55+00:00,"다이어트 만남 신천지 훈남 의정부 김밥 울주군 티팬티 
😀😀😀😀😀😀😀😀1
고액 재택알바 모집중
당일결제 10~30만원 
구매대행 알바 누구나가능
ㅜ상담㉸ㅌ:AMD13588"
1306334713670328320,2020-09-16 20:50:40+00:00,"한 달 만에… OECD, 올 한국 성장률 0.2%P 내려
 
한마디로 말해서~!광복절 광화문 집회가 미통당과 보수층 지지자들이 문정부 코로나방역 실패로~~이런 효과를 노리기 위해서~~꾸민 자작극이 아닌가!보수층 미통당과 이를  지지한 신천지, 사랑제일교회 같은 이단 종교들등살에고통받는 국민과 위상"
1306334141995073536,2020-09-16 20:48:24+00:00,"다이어트 만남 신천지 훈남 의정부 김밥 울주군 티팬티 
😀😀😀😀😀😀😀😀1
고액 재택알바 모집중
당일결제 10~30만원 
구매대행 알바 누구나가능
ㅜ상담㉸ㅌ:AMD13588"
1306331345178693633,2020-09-16 20:37:17+00:00,"다이어트 만남 신천지 훈남 의정부 김밥 울주군 티팬티 
😀😀😀😀😀😀😀😀1
고액 재택알바 모집중
당일결제 10~30만원 
구매대행 알바 누구나가능
ㅜ상담㉸ㅌ:AMD13588"
1306330526370856960,2020-09-16 20:34:02+00:00,"다이어트 만남 신천지 훈남 의정부 김밥 울주군 티팬티 
😀😀😀😀😀😀😀😀1
고액 재택알바 모집중
당일결제 10~30만원 
구매대행 알바 누구나가능
ㅜ상담㉸ㅌ:AMD13588"
1306328413305597954,2020-09-16 20:25:38+00:00,"다이어트 만남 신천지 훈남 의정부 김밥 울주군 티팬티 
😀😀😀😀😀😀😀😀1
고액 재택알바 모집중
당일결제 10~30만원 
구매대행 알바 누구나가능
ㅜ상담㉸ㅌ:AMD13588"
1306325809318166528,2020-09-16 20:15:17+00:00,"다이어트 만남 신천지 훈남 의정부 김밥 울주군 티팬티 
😀😀😀😀😀😀😀😀1
고액 재택알바 모집중
당일결제 10~30만원 
구매대행 알바 누구나가능
ㅜ상담㉸ㅌ:AMD13588"
1306323163320516608,2020-09-16 20:04:47+00:00,"다이어트 만남 신천지 훈남 의정부 김밥 울주군 티팬티 
😀😀😀😀😀😀😀😀1
고액 재택알바 모집중
당일결제 10~30만원 
구매대행 알바 누구나가능
ㅜ상담㉸ㅌ:AMD13588"
1306320568384237568,2020-09-16 19:54:28+00:00,"다이어트 만남 신천지 훈남 의정부 김밥 울주군 티팬티 
😀😀😀😀😀😀😀😀1
고액 재택알바 모집중
당일결제 10~30만원 
구매대행 알바 누구나가능
ㅜ상담㉸ㅌ:AMD13588"
1306317829365522437,2020-09-16 19:43:35+00:00,"다이어트 만남 신천지 훈남 의정부 김밥 울주군 티팬티 
😀😀😀😀😀😀😀😀1
고액 재택알바 모집중
당일결제 10~30만원 
구매대행 알바 누구나가능
ㅜ상담㉸ㅌ:AMD13588"
1306313727357014016,2020-09-16 19:27:17+00:00,"다이어트 만남 신천지 훈남 의정부 김밥 울주군 티팬티 
😀😀😀😀😀😀😀😀1
고액 재택알바 모집중
당일결제 10~30만원 
구매대행 알바 누구나가능
ㅜ상담㉸ㅌ:AMD13588"
1306303367518453760,2020-09-16 18:46:07+00:00,"다이어트 만남 신천지 훈남 의정부 김밥 울주군 티팬티 
😀😀😀😀😀😀😀😀1
고액 재택알바 모집중
당일결제 10~30만원 
구매대행 알바 누구나가능
ㅜ상담㉸ㅌ:AMD13588"
1306301937826947072,2020-09-16 18:40:26+00:00,"다이어트 만남 신천지 훈남 의정부 김밥 울주군 티팬티 
😀😀😀😀😀😀😀😀1
고액 재택알바 모집중
당일결제 10~30만원 
구매대행 알바 누구나가능
ㅜ상담㉸ㅌ:AMD13588"
1306300705334939648,2020-09-16 18:35:32+00:00,"다이어트 만남 신천지 훈남 의정부 김밥 울주군 티팬티 
😀😀😀😀😀😀😀😀1
고액 재택알바 모집중
당일결제 10~30만원 
구매대행 알바 누구나가능
ㅜ상담㉸ㅌ:AMD13588"
1306300611256659968,2020-09-16 18:35:10+00:00,"다이어트 만남 신천지 훈남 의정부 김밥 울주군 티팬티 
😀😀😀😀😀😀😀😀1
고액 재택알바 모집중
당일결제 10~30만원 
구매대행 알바 누구나가능
ㅜ상담㉸ㅌ:AMD13588"
1306297783482081282,2020-09-16 18:23:56+00:00,"다이어트 만남 신천지 훈남 의정부 김밥 울주군 티팬티 
😀😀😀😀😀😀😀😀1
고액 재택알바 모집중
당일결제 10~30만원 
구매대행 알바 누구나가능
ㅜ상담㉸ㅌ:AMD13588"
1306294597471989760,2020-09-16 18:11:16+00:00,"다이어트 만남 신천지 훈남 의정부 김밥 울주군 티팬티 
😀😀😀😀😀😀😀😀1
고액 재택알바 모집중
당일결제 10~30만원 
구매대행 알바 누구나가능
ㅜ상담㉸ㅌ:AMD13588"
1306291037158084608,2020-09-16 17:57:07+00:00,"다이어트 만남 신천지 훈남 의정부 김밥 울주군 티팬티 
😀😀😀😀😀😀😀😀1
고액 재택알바 모집중
당일결제 10~30만원 
구매대행 알바 누구나가능
ㅜ상담㉸ㅌ:AMD13588"
1306288323145510912,2020-09-16 17:46:20+00:00,"다이어트 만남 신천지 훈남 의정부 김밥 울주군 티팬티 
😀😀😀😀😀😀😀😀1
고액 재택알바 모집중
당일결제 10~30만원 
구매대행 알바 누구나가능
ㅜ상담㉸ㅌ:AMD13588"
1306285307445166080,2020-09-16 17:34:21+00:00,"다이어트 만남 신천지 훈남 의정부 김밥 울주군 티팬티 
😀😀😀😀😀😀😀😀1
고액 재택알바 모집중
당일결제 10~30만원 
구매대행 알바 누구나가능
ㅜ상담㉸ㅌ:AMD13588"
1306283475872350208,2020-09-16 17:27:04+00:00,"다이어트 만남 신천지 훈남 의정부 김밥 울주군 티팬티 
😀😀😀😀😀😀😀😀1
고액 재택알바 모집중
당일결제 10~30만원 
구매대행 알바 누구나가능
ㅜ상담㉸ㅌ:AMD13588"
1306282530576842752,2020-09-16 17:23:19+00:00,"다이어트 만남 신천지 훈남 의정부 김밥 울주군 티팬티 
😀😀😀😀😀😀😀😀1
고액 재택알바 모집중
당일결제 10~30만원 
구매대행 알바 누구나가능
ㅜ상담㉸ㅌ:AMD13588"
1306279651900190720,2020-09-16 17:11:53+00:00,"다이어트 만남 신천지 훈남 의정부 김밥 울주군 티팬티 
😀😀😀😀😀😀😀😀1
고액 재택알바 모집중
당일결제 10~30만원 
구매대행 알바 누구나가능
ㅜ상담㉸ㅌ:AMD13588"
1306276788931231745,2020-09-16 17:00:30+00:00,"다이어트 만남 신천지 훈남 의정부 김밥 울주군 티팬티 
😀😀😀😀😀😀😀😀1
고액 재택알바 모집중
당일결제 10~30만원 
구매대행 알바 누구나가능
ㅜ상담㉸ㅌ:AMD13588"
1306274116182274057,2020-09-16 16:49:53+00:00,"다이어트 만남 신천지 훈남 의정부 김밥 울주군 티팬티 
😀😀😀😀😀😀😀😀1
고액 재택알바 모집중
당일결제 10~30만원 
구매대행 알바 누구나가능
ㅜ상담㉸ㅌ:AMD13588"
1306271467097653248,2020-09-16 16:39:21+00:00,"다이어트 만남 신천지 훈남 의정부 김밥 울주군 티팬티 
😀😀😀😀😀😀😀😀1
고액 재택알바 모집중
당일결제 10~30만원 
구매대행 알바 누구나가능
ㅜ상담㉸ㅌ:AMD13588"
1306271349686464512,2020-09-16 16:38:53+00:00,"#퍼플하츠계폭해 
다수가 아니라고 하는 데에는 이유가 있다. 시발 신천지도 전광훈 무리도 걔네의 주장과 생각은 있었지. 근데 틀리잖아. 악의 무리는 애초에 싹을 없애야 해. 탱이 보기 안부끄럽냐... ㅉㅉ 저정도면 악개가 아니라 욕먹이려는 안티라니까 진짜... 쪽팔린 줄 알아라."
1306270307016081409,2020-09-16 16:34:45+00:00,"다이어트 만남 신천지 훈남 의정부 김밥 울주군 티팬티 
😀😀😀😀😀😀😀😀1
고액 재택알바 모집중
당일결제 10~30만원 
구매대행 알바 누구나가능
ㅜ상담㉸ㅌ:AMD13588"
1306268469868990468,2020-09-16 16:27:27+00:00,"다이어트 만남 신천지 훈남 의정부 김밥 울주군 티팬티 
😀😀😀😀😀😀😀😀1
고액 재택알바 모집중
당일결제 10~30만원 
구매대행 알바 누구나가능
ㅜ상담㉸ㅌ:AMD13588"
1306267764806414336,2020-09-16 16:24:39+00:00,"다이어트 만남 신천지 훈남 의정부 김밥 울주군 티팬티 
😀😀😀😀😀😀😀😀1
고액 재택알바 모집중
당일결제 10~30만원 
구매대행 알바 누구나가능
ㅜ상담㉸ㅌ:AMD13588"
1306266272837976065,2020-09-16 16:18:43+00:00,"연합뉴스-'빠른 치료제 개발 돕고자'..신천지 2차 혈장 공여
h"
1306262662200750080,2020-09-16 16:04:22+00:00,"다이어트 만남 신천지 훈남 의정부 김밥 울주군 티팬티 
😀😀😀😀😀😀😀😀1
고액 재택알바 모집중
당일결제 10~30만원 
구매대행 알바 누구나가능
ㅜ상담㉸ㅌ:AMD13588"
1306258575480610817,2020-09-16 15:48:08+00:00,"다이어트 만남 신천지 훈남 의정부 김밥 울주군 티팬티 
😀😀😀😀😀😀😀😀1
고액 재택알바 모집중
당일결제 10~30만원 
구매대행 알바 누구나가능
ㅜ상담㉸ㅌ:AMD13588"
1306257823764901888,2020-09-16 15:45:08+00:00,신천지가 끄나풀로 사고친 노숙자와 묶어서 3일 동안 작업을 하였는데 대포폰까지 줘서 스스로전화주고받으면서 나를 관리하였는데 어떻게대포폰인줄 알았냐면 사고치고 전화번호을 알려줘는데합의해주기위해 전화를 받지않아서 우연히 공원에서 이사람을 만나 듣게된것이신천지가 휴대폰줬다고하였음.
1306254876213563392,2020-09-16 15:33:26+00:00,"다이어트 만남 신천지 훈남 의정부 김밥 울주군 티팬티 
😀😀😀😀😀😀😀😀1
고액 재택알바 모집중
당일결제 10~30만원 
구매대행 알바 누구나가능
ㅜ상담㉸ㅌ:AMD13588"
1336163620833529856,2020-12-08 04:20:06+00:00,요즘 코로나 때문에 헬스도 못하니 뱃살 다시 나오는 듯ㅠㅠ 그래서 식단 관리라도 하려고 단백질쉐이크 챙겨 먹고 있는데 이거 진짜 괜찮네요. 포만감이 오래가서 자기 전까지 안배고픔;; 물이랑도 잘 섞이고 맛도 존맛ㅋㅋ 지금 세일하니까 필요한 사람 ㄱㄱ
1306253243249430528,2020-09-16 15:26:56+00:00,"다이어트 만남 신천지 훈남 의정부 김밥 울주군 티팬티 
😀😀😀😀😀😀😀😀1
고액 재택알바 모집중
당일결제 10~30만원 
구매대행 알바 누구나가능
ㅜ상담㉸ㅌ:AMD13588"
1306251938846056450,2020-09-16 15:21:45+00:00,"다이어트 만남 신천지 훈남 의정부 김밥 울주군 티팬티 
😀😀😀😀😀😀😀😀1
고액 재택알바 모집중
당일결제 10~30만원 
구매대행 알바 누구나가능
ㅜ상담㉸ㅌ:AMD13588"
1306248672087220226,2020-09-16 15:08:47+00:00,"다이어트 만남 신천지 훈남 의정부 김밥 울주군 티팬티 
😀😀😀😀😀😀😀😀1
고액 재택알바 모집중
당일결제 10~30만원 
구매대행 알바 누구나가능
ㅜ상담㉸ㅌ:AMD13588"
1306245158434824193,2020-09-16 14:54:49+00:00,"다이어트 만남 신천지 훈남 의정부 김밥 울주군 티팬티 
😀😀😀😀😀😀😀😀1
고액 재택알바 모집중
당일결제 10~30만원 
구매대행 알바 누구나가능
ㅜ상담㉸ㅌ:AMD13588"
1306241410723540993,2020-09-16 14:39:55+00:00,"다이어트 만남 신천지 훈남 의정부 김밥 울주군 티팬티 
😀😀😀😀😀😀😀😀1
고액 재택알바 모집중
당일결제 10~30만원 
구매대행 알바 누구나가능
ㅜ상담㉸ㅌ:AMD13588"
1306238788822118400,2020-09-16 14:29:30+00:00,"다이어트 만남 신천지 훈남 의정부 김밥 울주군 티팬티 
😀😀😀😀😀😀😀😀1
고액 재택알바 모집중
당일결제 10~30만원 
구매대행 알바 누구나가능
ㅜ상담㉸ㅌ:AMD13588"
1306238571863441409,2020-09-16 14:28:38+00:00,"다이어트 만남 신천지 훈남 의정부 김밥 울주군 티팬티 
😀😀😀😀😀😀😀😀1
고액 재택알바 모집중
당일결제 10~30만원 
구매대행 알바 누구나가능
ㅜ상담㉸ㅌ:AMD13588"
1306237224409681920,2020-09-16 14:23:17+00:00,"뮤츠에볼루션 
원래개봉일이 작년 12월(일본불매운동
그 다음 개봉일 4월(신천지ㅋㄹㄴ/이태원클럽/ 광화문집회
그다음 개봉일9월30(언제터질지 몰라서 터지게 한사람 멱살잡고싶음"
1306235958635814912,2020-09-16 14:18:15+00:00,"제가 신천지로 부터 너무많은 시간동안 고통 당하보니 기도아니면 벗티지 못하였을 것입니다.
정신적으로도 많은 문제가 생기게 되었고 이런 부분들을 신천지가 적절히 이용하여 요즘은 밤잠을 자지못하게 하여 이문제를 풀어가는데 의사전달을 제대로 하지못하도록 오래전부터온갖해꾸지를다하고있음."
1306235703391432706,2020-09-16 14:17:15+00:00,"다이어트 만남 신천지 훈남 의정부 김밥 울주군 티팬티 
😀😀😀😀😀😀😀😀1
고액 재택알바 모집중
당일결제 10~30만원 
구매대행 알바 누구나가능
ㅜ상담㉸ㅌ:AMD13588"
1306232796361510913,2020-09-16 14:05:41+00:00,"다이어트 만남 신천지 훈남 의정부 김밥 울주군 티팬티 
😀😀😀😀😀😀😀😀1
고액 재택알바 모집중
당일결제 10~30만원 
구매대행 알바 누구나가능
ㅜ상담㉸ㅌ:AMD13588"
1306231999443529730,2020-09-16 14:02:31+00:00,저희 가게는 1분 내외의 거리에 교회가 3개 있구요 옆옆건물에 신천지가 있습니다 그래서 ㅅㅂ 먹기전에 기도 올리는 사람보면 신경이 곤두섬
1306231854056448006,2020-09-16 14:01:57+00:00,"다이어트 만남 신천지 훈남 의정부 김밥 울주군 티팬티 
😀😀😀😀😀😀😀😀1
고액 재택알바 모집중
당일결제 10~30만원 
구매대행 알바 누구나가능
ㅜ상담㉸ㅌ:AMD13588"
1306229854157697029,2020-09-16 13:54:00+00:00,"다이어트 만남 신천지 훈남 의정부 김밥 울주군 티팬티 
😀😀😀😀😀😀😀😀1
고액 재택알바 모집중
당일결제 10~30만원 
구매대행 알바 누구나가능
ㅜ상담㉸ㅌ:AMD13588"
1306224364828766208,2020-09-16 13:32:11+00:00,퍼플하츠 신천지에 비유되던데 요즘은 전광훈같음🤮 뇌까지 코로나감염된게 아니면 비정상을 정상이라고 믿을리 없지 불쌍하다 상식적이면 선동될수가없는데 ㅉㅉ
1306222335515455490,2020-09-16 13:24:07+00:00,"다이어트 만남 신천지 훈남 의정부 김밥 울주군 티팬티 
😀😀😀😀😀😀😀😀1
고액 재택알바 모집중
당일결제 10~30만원 
구매대행 알바 누구나가능
ㅜ상담㉸ㅌ:AMD13588"
1306217961431076866,2020-09-16 13:06:45+00:00,"신천지가 이제 끝이 보이는지 내 주변에 발악 수준이네요.
지금까지 여러 형태로 내 생명까지 노렸거든요."
1306216221629538304,2020-09-16 12:59:50+00:00,"다이어트 만남 신천지 훈남 의정부 김밥 울주군 티팬티 
😀😀😀😀😀😀😀😀1
고액 재택알바 모집중
당일결제 10~30만원 
구매대행 알바 누구나가능
ㅜ상담㉸ㅌ:AMD13588"
1306215120914149376,2020-09-16 12:55:27+00:00,뻐킹 신천지
1306213515053510658,2020-09-16 12:49:04+00:00,"다이어트 만남 신천지 훈남 의정부 김밥 울주군 티팬티 
😀😀😀😀😀😀😀😀1
고액 재택알바 모집중
당일결제 10~30만원 
구매대행 알바 누구나가능
ㅜ상담㉸ㅌ:AMD13588"
1306210695076143104,2020-09-16 12:37:52+00:00,"다이어트 만남 신천지 훈남 의정부 김밥 울주군 티팬티 
😀😀😀😀😀😀😀😀1
고액 재택알바 모집중
당일결제 10~30만원 
구매대행 알바 누구나가능
ㅜ상담㉸ㅌ:AMD13588"
1306208187574398977,2020-09-16 12:27:54+00:00,"다이어트 만남 신천지 훈남 의정부 김밥 울주군 티팬티 
😀😀😀😀😀😀😀😀1
고액 재택알바 모집중
당일결제 10~30만원 
구매대행 알바 누구나가능
ㅜ상담㉸ㅌ:AMD13588"
1306207977884401664,2020-09-16 12:27:04+00:00,"다이어트 만남 신천지 훈남 의정부 김밥 울주군 티팬티 
😀😀😀😀😀😀😀😀1
고액 재택알바 모집중
당일결제 10~30만원 
구매대행 알바 누구나가능
ㅜ상담㉸ㅌ:AMD13588"
1306206708469886977,2020-09-16 12:22:02+00:00,신천지나 중국이나 하는 짓이 똑같애
1306205994624544768,2020-09-16 12:19:11+00:00,퍼플하츠 신천지 같음... 맘약한 톄팬들 엑스알 만드는 곳ㅋㅋㅋㅋㅋㅋㅋㅋㅋ 너의 마음을 로크 온 오픈하트 ㅠ 사라져주세요
1306205224135086080,2020-09-16 12:16:08+00:00,"신천지 체블 돌리고 싶어서 체블까지 깔앗는디 안댐ㅠ
아오"
1306204930521300992,2020-09-16 12:14:58+00:00,"다이어트 만남 신천지 훈남 의정부 김밥 울주군 티팬티 
😀😀😀😀😀😀😀😀1
고액 재택알바 모집중
당일결제 10~30만원 
구매대행 알바 누구나가능
ㅜ상담㉸ㅌ:AMD13588"
1306203116853846016,2020-09-16 12:07:45+00:00,아베새끼때문에 미뤄졌다가 신천지에 이태원클럽에 광화문집회에 교회발 감염에 겪어봐야 알겠니
1306202174657945600,2020-09-16 12:04:01+00:00,"다이어트 만남 신천지 훈남 의정부 김밥 울주군 티팬티 
😀😀😀😀😀😀😀😀1
고액 재택알바 모집중
당일결제 10~30만원 
구매대행 알바 누구나가능
ㅜ상담㉸ㅌ:AMD13588"
1306199649192042496,2020-09-16 11:53:59+00:00,"다이어트 만남 신천지 훈남 의정부 김밥 울주군 티팬티 
😀😀😀😀😀😀😀😀1
고액 재택알바 모집중
당일결제 10~30만원 
구매대행 알바 누구나가능
ㅜ상담㉸ㅌ:AMD13588"
1306198496576380928,2020-09-16 11:49:24+00:00,뮤츠의 역습에볼루션 보려고 일본 불매운동 ㅋㄹㄴ신천지 이태원클럽 광화문집회를 겪고 지나온 팬들이 보는 앞에서 장난이라고하니 화가 나네
1306198155789176833,2020-09-16 11:48:02+00:00,"탐라에
신천지
종교
정치를
뮤트했는데
왜 계속 뜨는지
아시는분 조언 부탁합니다."
1306194329136893952,2020-09-16 11:32:50+00:00,"다이어트 만남 신천지 훈남 의정부 김밥 울주군 티팬티 
😀😀😀😀😀😀😀😀1
고액 재택알바 모집중
당일결제 10~30만원 
구매대행 알바 누구나가능
ㅜ상담㉸ㅌ:AMD13588"
1306192318475640832,2020-09-16 11:24:51+00:00,"다이어트 만남 신천지 훈남 의정부 김밥 울주군 티팬티 
😀😀😀😀😀😀😀😀1
고액 재택알바 모집중
당일결제 10~30만원 
구매대행 알바 누구나가능
ㅜ상담㉸ㅌ:AMD13588"
1306191424157700097,2020-09-16 11:21:18+00:00,"다이어트 만남 신천지 훈남 의정부 김밥 울주군 티팬티 
😀😀😀😀😀😀😀😀1
고액 재택알바 모집중
당일결제 10~30만원 
구매대행 알바 누구나가능
ㅜ상담㉸ㅌ:AMD13588"
1306188746958667776,2020-09-16 11:10:39+00:00,"다이어트 만남 신천지 훈남 의정부 김밥 울주군 티팬티 
😀😀😀😀😀😀😀😀1
고액 재택알바 모집중
당일결제 10~30만원 
구매대행 알바 누구나가능
ㅜ상담㉸ㅌ:AMD13588"
1306188204349874176,2020-09-16 11:08:30+00:00,씨12발 코로롱종식 실트길래 들어갓는데 신천지 이개새끼들 이제노래방 갈수있나했더니만 씨1부럴
1306187555679776769,2020-09-16 11:05:55+00:00,트렌드에 코로나19 종식있길래 설레는 마음으로 눌렀다가 신천지 기도회라서 짜게 식었
1306187402495455232,2020-09-16 11:05:19+00:00,"아오 증말 3월부터 느끼는거지만 종교에 미친새끼들은 걍 인간취급도 안해주고싶음
사람 대상으로 털어놓지 못할 얘기들 신이라는 존재에게 털어놓으면서 정서적 위로받는건 종교의 순기능이라고 생각하는데 신천지나 지금 교회돌아가는 꼬라지보면 존나옘병...."
1306185517877227523,2020-09-16 10:57:49+00:00,"다이어트 만남 신천지 훈남 의정부 김밥 울주군 티팬티 
😀😀😀😀😀😀😀😀1
고액 재택알바 모집중
당일결제 10~30만원 
구매대행 알바 누구나가능
ㅜ상담㉸ㅌ:AMD13588"
1306180012404400128,2020-09-16 10:35:57+00:00,"김우영 ""개천절 집회신고 인원 31만 명""
참고로 '신천지' 신도가 약 20여만 명."
1306179821282553857,2020-09-16 10:35:11+00:00,아이 개자식들아 진짜 종식되는줄 알고 기뻐했는데 신천지야 아 아오 아어ㅏ아ㅏ앙아ㅏ아응아으으ㅏㅏㅏㅏ아ㅏ 개짜증나!!!!!!!!!!!!
1306179409531953153,2020-09-16 10:33:33+00:00,"다이어트 만남 신천지 훈남 의정부 김밥 울주군 티팬티 
😀😀😀😀😀😀😀😀1
고액 재택알바 모집중
당일결제 10~30만원 
구매대행 알바 누구나가능
ㅜ상담㉸ㅌ:AMD13588"
1306178469764628485,2020-09-16 10:29:49+00:00,아 신천지새끼들 블락해도해도 끝이 안보임 어디서 이렇게 기어나오는거야;
1306172650473975808,2020-09-16 10:06:42+00:00,오 미친 신천지들 교육실에 아무도 없는 척 불꺼놓고 찬송가불러요 이거 신고 못하나
1306163095589416962,2020-09-16 09:28:43+00:00,"무식한데 신념이 있으면 얼마나 무서운벽이 되는지
신천지 전광훈 처럼..
우리 태만 가엽네ㅠ"
1306161459072651264,2020-09-16 09:22:13+00:00,"다이어트 만남 신천지 훈남 의정부 김밥 울주군 티팬티 
😀😀😀😀😀😀😀😀1
고액 재택알바 모집중
당일결제 10~30만원 
구매대행 알바 누구나가능
ㅜ상담㉸ㅌ:AMD13588"
1306158718984155138,2020-09-16 09:11:20+00:00,"다이어트 만남 신천지 훈남 의정부 김밥 울주군 티팬티 
😀😀😀😀😀😀😀😀1
고액 재택알바 모집중
당일결제 10~30만원 
구매대행 알바 누구나가능
ㅜ상담㉸ㅌ:AMD13588"
1306156052316975105,2020-09-16 09:00:44+00:00,"다이어트 만남 신천지 훈남 의정부 김밥 울주군 티팬티 
😀😀😀😀😀😀😀😀1
고액 재택알바 모집중
당일결제 10~30만원 
구매대행 알바 누구나가능
ㅜ상담㉸ㅌ:AMD13588"
1306153764676485121,2020-09-16 08:51:39+00:00,코로나19 종식 기도해서 뭐 어쩌라고...오랜만에 말한다 신천지 죽어라
1306150958737489920,2020-09-16 08:40:30+00:00,신천지 신자들은 최대한 빨리 하나님 곁으로 가길 빈다
1306150294422650882,2020-09-16 08:37:51+00:00,"다이어트 만남 신천지 훈남 의정부 김밥 울주군 티팬티 
😀😀😀😀😀😀😀😀1
고액 재택알바 모집중
당일결제 10~30만원 
구매대행 알바 누구나가능
ㅜ상담㉸ㅌ:AMD13588"
1306150146111991809,2020-09-16 08:37:16+00:00,신천지 미친거야?
1306148419514236930,2020-09-16 08:30:24+00:00,"#코로나19종식
#신천지기도회

제에발 신천지 새끼들아 눈치있게 낄끼빠빠 좀 하자 만희가 짖으라고 해도 좀 적당히 짖어"
1306147688958668800,2020-09-16 08:27:30+00:00,"실시간 트렌드에

&lt;코로나19종식&gt; 있는데

그거 신천지임 트렌드 신고하시면 됨

요새 전광훈 쪽이 워낙 말썽이라
지들이 잘난줄 알고 다시 활기치는듯
다를거 하나없이 똑같았으면서"
1306147365510770690,2020-09-16 08:26:13+00:00,"다이어트 만남 신천지 훈남 의정부 김밥 울주군 티팬티 
😀😀😀😀😀😀😀😀1
고액 재택알바 모집중
당일결제 10~30만원 
구매대행 알바 누구나가능
ㅜ상담㉸ㅌ:AMD13588"
1306147318383607808,2020-09-16 08:26:02+00:00,"다이어트 만남 신천지 훈남 의정부 김밥 울주군 티팬티 
😀😀😀😀😀😀😀😀1
고액 재택알바 모집중
당일결제 10~30만원 
구매대행 알바 누구나가능
ㅜ상담㉸ㅌ:AMD13588"
1306146929894547456,2020-09-16 08:24:29+00:00,"다이어트 만남 신천지 훈남 의정부 김밥 울주군 티팬티 
😀😀😀😀😀😀😀😀1
고액 재택알바 모집중
당일결제 10~30만원 
구매대행 알바 누구나가능
ㅜ상담㉸ㅌ:AMD13588"
1306144267622965248,2020-09-16 08:13:55+00:00,"다이어트 만남 신천지 훈남 의정부 김밥 울주군 티팬티 
😀😀😀😀😀😀😀😀1
고액 재택알바 모집중
당일결제 10~30만원 
구매대행 알바 누구나가능
ㅜ상담㉸ㅌ:AMD13588"
1306143373137379333,2020-09-16 08:10:21+00:00,이만희신천지 와 전빤스 개독의 차이점을 1개 이상 기술 하시오!
1306141293861511169,2020-09-16 08:02:06+00:00,"다이어트 만남 신천지 훈남 의정부 김밥 울주군 티팬티 
😀😀😀😀😀😀😀😀1
고액 재택알바 모집중
당일결제 10~30만원 
구매대행 알바 누구나가능
ㅜ상담㉸ㅌ:AMD13588"
1306138056932515840,2020-09-16 07:49:14+00:00,"다이어트 만남 신천지 훈남 의정부 김밥 울주군 티팬티 
😀😀😀😀😀😀😀😀1
고액 재택알바 모집중
당일결제 10~30만원 
구매대행 알바 누구나가능
ㅜ상담㉸ㅌ:AMD13588"
1306137779420540928,2020-09-16 07:48:08+00:00,";;음료 다마시고 버스정류장 앉아있는데
옆에 신천지 있네"
1306135270589231104,2020-09-16 07:38:09+00:00,"다이어트 만남 신천지 훈남 의정부 김밥 울주군 티팬티 
😀😀😀😀😀😀😀😀1
고액 재택알바 모집중
당일결제 10~30만원 
구매대행 알바 누구나가능
ㅜ상담㉸ㅌ:AMD13588"
1306132498800230400,2020-09-16 07:27:09+00:00,"다이어트 만남 신천지 훈남 의정부 김밥 울주군 티팬티 
😀😀😀😀😀😀😀😀1
고액 재택알바 모집중
당일결제 10~30만원 
구매대행 알바 누구나가능
ㅜ상담㉸ㅌ:AMD13588"
1306129885212016640,2020-09-16 07:16:46+00:00,"다이어트 만남 신천지 훈남 의정부 김밥 울주군 티팬티 
😀😀😀😀😀😀😀😀1
고액 재택알바 모집중
당일결제 10~30만원 
구매대행 알바 누구나가능
ㅜ상담㉸ㅌ:AMD13588"
1306126974817951745,2020-09-16 07:05:12+00:00,"다이어트 만남 신천지 훈남 의정부 김밥 울주군 티팬티 
😀😀😀😀😀😀😀😀1
고액 재택알바 모집중
당일결제 10~30만원 
구매대행 알바 누구나가능
ㅜ상담㉸ㅌ:AMD13588"
1306124082665013248,2020-09-16 06:53:42+00:00,"다이어트 만남 신천지 훈남 의정부 김밥 울주군 티팬티 
😀😀😀😀😀😀😀😀1
고액 재택알바 모집중
당일결제 10~30만원 
구매대행 알바 누구나가능
ㅜ상담㉸ㅌ:AMD13588"
1306120924324790272,2020-09-16 06:41:09+00:00,정치신천지땜에 비례표 열민당으로 안갔으면 180석도 가능했는데 무슨 지들이 과반을 만들어??
1306117052155875328,2020-09-16 06:25:46+00:00,"윤석렬개자식~~
군인쿠데타모의에는아닥하고 조용히쳐있더니~
병사 휴가문제로는 
계룡대니 육본이니 압수수색하고 지랄발광을하네~~
쿠데타보다 병사휴가가중요하지~윤석렬네놈눈에는
신천지때도 조용하고 아닥하고있고~
나경원ㆍ네놈장모ㆍ네놈처 문제도아닥하고~야당패스트트랙은~"
1306108191084691459,2020-09-16 05:50:33+00:00,"다이어트 만남 신천지 훈남 의정부 김밥 울주군 티팬티 
😀😀😀😀😀😀😀😀1
고액 재택알바 모집중
당일결제 10~30만원 
구매대행 알바 누구나가능
ㅜ상담㉸ㅌ:AMD13588"
1306096032258822144,2020-09-16 05:02:14+00:00,밖에 비 오는데 오늘도 신천지 영업 발로 뛰더라 웬 고생이야 그게
1306094192792227841,2020-09-16 04:54:56+00:00,님들님들! 지금 코로나19 종식 실트 들어가서 씨부리고 있는 신천지들을 블락하면 깨끗한 트위터 생활 쌉가능입니다
1306093933739401216,2020-09-16 04:53:54+00:00,실트 코로롱1.9 종식 신천지 체블맛집임 줄줄이 체블돌리면 됨^^
1306093488753094656,2020-09-16 04:52:08+00:00,신천지가 또...그래 피해는 끼치지말자 온라인기도회가 훨낫지
1306086685533515778,2020-09-16 04:25:06+00:00,전쟁에 있어 확실히 병사는 소모품입니다. 허나 나라의 기본이 되는 백성을 가볍게 여기는 국가는 머지않아 결국은 망하겠지요. 신천지를 손에 넣어도 씨앗을 잃어서는 번영 같은 걸 꿈꿀 수 있겠습니까?
1306065704295084033,2020-09-16 03:01:44+00:00,에라이 코로나19 종식 실트길래 들어갔는ㄷ 아이 미친 신천지놈들 양심도 없냐 적당히 해;;; 눈배렸다ㅅㅂ
1306062496499789824,2020-09-16 02:48:59+00:00,"코로나19 종식 실트 결국엔 또 신천지 교회이다. 코로나19 종식을 위한 온라인예볘 같은것을 실트에 올리는 전략은 일종의 마케팅적 접근인것 같다.. 다만, 노이즈 마케팅이 될가능성이 높다. 물론 혈장 공여는 잘하는 것은 인정하지만  이런식의 마케팅식 접근은 그냥 그날들이 생각나게할뿐이다."
1306061826979889152,2020-09-16 02:46:19+00:00,실트에 ㅋㄹㄴ19 종식 &lt;&lt;&lt; 신천지실트임
1306061539040849921,2020-09-16 02:45:11+00:00,시발 코로나19 종식 실트 들어갔다가 존나 눈버리고옴 신천지 바퀴벌레새끼들 또 실트총공하네 씨발 진짜 개더러워 실트 들어가지 마세요 이미 들어간분들은 싸그리 체블하고오세요
1306018180985434114,2020-09-15 23:52:53+00:00,유흥업소들이 지원금받을려면 자료가 있어야 하는데 갸들은 무자료거래로 탈세한게 더 많을건데 지원금?글쎄 정의연같은 핑계대면 어쩌누...글고 경기도는 대구신천지 코로나 확산중에도 다들 영업했자나ㅋㅋㅋ울 동네는 특히 코호트격리 요양원주변 유흥업소들 모두 영업했었는데
1305978888426668032,2020-09-15 21:16:45+00:00,신천지 부·울·경 본부 이전 예정지는 '학교 밀집지역'
1305957069397213185,2020-09-15 19:50:03+00:00,"대면예배를 고집하는 목사는 기독교 역사에 무지하거나 사기꾼이다. 7

그리고 전광훈이나 신천지 이만희 처럼 일탈을 일삼는 목사도 많다보니 각 교파에서 목사를 키우는 신학교를 세워 목사자격을 주게 되지."
1305955343168491520,2020-09-15 19:43:11+00:00,"정은경 질본청장을 느닷없이 공격하는 이유?

국민의적이 신천지.전광훈을 밀어주며 코로나 바이르스
확산으로 대한민국 혼란에 빠지길 기대했으나 번번히 
좌절되자 이젠 정은경 청장이 미운것이다.대한민국이 코로나로 망하길 바라는 적폐무리 이젠 손 끊어야 한다.속아서는 안된다.광화문집회 금지!"
1305947225529495556,2020-09-15 19:10:56+00:00,"적폐들의 전략
K방역 무너뜨려야
그래서 전광훈과 신천지를 
바람잡이로 대구와 8.15광화문에서 감염확산 테러를 감행했으나 결국 실패로 끝났다

국민생명 담보로 극한투쟁 벌리는 범인의 괴수는 국민의짐 국민의적이라 자칭하는 소위 야당이다

결국 적폐언론이 정은경 청장을 집중 공격 시작했다"
1305937351219113984,2020-09-15 18:31:42+00:00,이제 또 2단계로 하향조정한다고 놀자! 놀다 죽자! 이러는 새끼들 제일 좆같은건 이새끼들도 신천지 전광훈 욕 하면서 좆같아했을거라는거
1305880596816621568,2020-09-15 14:46:11+00:00,강남역 출구에서 신천지마냥 용복이를 아십니까? 하고 싶다 잡혀가요
1305876387861917696,2020-09-15 14:29:27+00:00,"리)당연히 신천지나 전광훈, 광화문집회 주최측에서 돈받아 방역에 힘쓴 관계자들 맛난 사줘야 되는게 정상이지 않음?"
1305871231120543745,2020-09-15 14:08:58+00:00,"신천지인이라는 게 뭔가? 이는 육천 년 순교의 결정체가 아닌가? 예수님의 피의 결정체가 아닌가? 이럴 수가 있나? 도대체 내가 무엇이관대 이런 영광의 자리에 있는가? 나 같은 죄인이 어찌 이런 곳에 있는가? 나를 이렇게까지 대우하시다니, 몸 둘 바를 모르겠다."
1305868501282938880,2020-09-15 13:58:07+00:00,이용복신천지임..(칭찬)
1305868453182615554,2020-09-15 13:57:55+00:00,이용복신천지
1305865468427808775,2020-09-15 13:46:04+00:00,현재까지 알려진 확진자 수로는 신천지가 더 강력했던 걸로....
1305858342498299907,2020-09-15 13:17:45+00:00,신천지도 이거보단 공들이겠다!
1305839269387272193,2020-09-15 12:01:57+00:00,태남들 라인으로 연락하는거 존나 신천지같아ㅋㅋㅋㅋㅋㅋ리포트 써야한다고 만나서 인터뷰해달래ㅋㅋㅋㅋ앜ㅋㅋㅋㅋㅋㅋㅋㅋㅋ
1305814959931105280,2020-09-15 10:25:21+00:00,"요즘 군생활 아무 문제 없게 잘 할수있게 해달라고 기도하는중임 신앙은 마음에 평화를 준다....
(신천지아님 진짜 순수한 기독교)"
1305807971939749888,2020-09-15 09:57:35+00:00,이 시국에도 길캐를 하는구나... 신천지인줄 알고 욕할 뻔ㅋㅋㅋㅋㅋㅋ
1305807728216928257,2020-09-15 09:56:37+00:00,"대구 소상공인 461명 신천지 상대 87억 손해배상 소송

잘하셨습니다!"
1305791845490778112,2020-09-15 08:53:31+00:00,"신천지, 전광훈 못지 않게 자꾸 스웨덴식 집단방역을 들먹이며 우리 방역 정책을 흠집내는 것도 테러 아닌가? 테러에는 물리적 폭력뿐만 아니라 정보에 의한 체제 교란 및 혼란 야기가 포함된다. 지금 언론들의 개소리는 광화문 집회에 실제 나가는 것만큼이나 위험해보인다..."
1305784698182930433,2020-09-15 08:25:07+00:00,전쟁에 있어 확실히 병사는 소모품입니다. 허나 나라의 기본이 되는 백성을 가볍게 여기는 국가는 머지않아 결국은 망하겠지요. 신천지를 손에 넣어도 씨앗을 잃어서는 번영 같은 걸 꿈꿀 수 있겠습니까?
1305783459470688256,2020-09-15 08:20:11+00:00,나 진짜 소롬돋았던게 신천지 말걸리고 거절하고 서점갔었는데 똑같은 사람들이 거기서 대기타고 있었음 미친거 아냐
1336163620833529856,2020-12-08 04:20:06+00:00,요즘 코로나 때문에 헬스도 못하니 뱃살 다시 나오는 듯ㅠㅠ 그래서 식단 관리라도 하려고 단백질쉐이크 챙겨 먹고 있는데 이거 진짜 괜찮네요. 포만감이 오래가서 자기 전까지 안배고픔;; 물이랑도 잘 섞이고 맛도 존맛ㅋㅋ 지금 세일하니까 필요한 사람 ㄱㄱ
1305782757692325888,2020-09-15 08:17:24+00:00,난 진심 강남녁이나 유동인구 많은곳가면 한두번은 반드시 장소불문하고 신천지에게 말걸리기 일쑤였는데 요즘 싹 사라져서 조타야
1305781739147599872,2020-09-15 08:13:21+00:00,신천지인줄 알고 인사 꾸벅하고 지나가려다가 예의 없는 사람 될 뻔 ( …. )
1305764952955731969,2020-09-15 07:06:39+00:00,그렇게 시간이 흘러 인류는 종말을 고했고 지구는 끝이 났습니다. 그리고 만물의 주인인 나는 나의 신천지를 내려다보며 생각했죠. 보시기에 좋았더라.
1305739695540719616,2020-09-15 05:26:17+00:00,전 새누리당(신천지당) 의원들은 당명은 '국민의 힘'으로 바꿔놓았지만 매사 하는 짓 보면 '국민에 균' 덩어리입니다.
1305736395059654656,2020-09-15 05:13:10+00:00,수꼴들은 신천지도 쉴드치고 개독도 쉴드치고 진짜 뭐하는 새끼들이냐?
1305736281440223232,2020-09-15 05:12:43+00:00,플앱껴야지...ㅠㅠ슬프다...ㅠㅠ 내콘서트돌려놔 신천지 양아개새기들아
1305726169585561601,2020-09-15 04:32:32+00:00,"신천지에 천지창조주 하나님과 천천만만의 천군이 함께 하고 있음을 본다면 절대로 흔들리지 않을 것이다. 아직까지는 보는 것으로 하지 않고 믿음으로 한다. 고로 믿음의 눈으로 본다. 믿음으로 보나, 육안으로 보나 천천만만의 천군이 진치고 호위하고 있음은 사실이다."
1305721832637521920,2020-09-15 04:15:18+00:00,"코로나 신천지 욕하면서 영화관가서 마스크 쓰고 떨어져 앉으라니까 쳐붙어 앉고 있고, 밖에 나가지말라니까 한강 공원가서 마스크벗고 술쳐마시고 있는데 ㅅㅂ 확진자가 안늘겠냐 이 시발롬들아?
내로남불 씹오지네ㅋㅋ; 얼탱이가 없어서
딴사람욕하기 전에 니들이 잘하고있는지부터 좀 생각을해 ㅅㅂ"
1305721093458591744,2020-09-15 04:12:22+00:00,영계의 천국과의 거리가 얼마나 가까와졌을까? 지구상공에 와 있는가? 보이지 않으니 알 수 없겠지. 계시록이 성취됨을 볼적에는 신천지에 와서 신천지 성도와 함께 예언을 이루고 있는 것 같다. 조만간 그 모습을 밝히 드러낼 것이다. 우리도 본모습으로 회복될 것이고.
1305719419851554817,2020-09-15 04:05:43+00:00,"과거 그 많은 사람도 다 죽었고, 믿음의 사람들도 다 죽었는데, 어째서 신천지 열 두 지파 성도는 죽지 않는다고 하는가? 그럴만한 확실한 근거라도 있는가? 세상은 보이는 것만 확실한 증거로 신뢰하겠으나 우리는 약속의 말씀을 신뢰한다. 하나님이 죽지 않게 해 주신다 했다."
1305717125403746304,2020-09-15 03:56:36+00:00,"사람들이 일반적으로 알고 말하는 보이지 않는 낙원의 세계 천국, 있는 건 분명한데, 이곳에 어떻게 갈 것인가? 성경 예언에는 이 세계가 신천지로 온다고 한다. 그럼 신천지에 와서 기다려야  한다. 천국이 오면 신천지는 천국 안에 있고, 천국은 신천지 안에 있게 된다."
1305716309007634433,2020-09-15 03:53:21+00:00,"알티한 트윗 내용이
여러사람을 돕고싶다는 마음에 한국 대학원에서 의료공부를 하던 여동생이 한국내 코로나감염폭발사태때(아마도 신천지사태나 이번 교회사태같음) 미국으로 귀국했지만
오히려 이것이 악수였고
미국에서 코로나에 감염된 여동생은 결국 돌아오지못하는 사람이 되어버렸다고함"
1305711099195453440,2020-09-15 03:32:39+00:00,ㅋㅋ 검찰은 사랑의 교회나 신천지 압색은 그렇게 안 하더니 ㅋㅋㅋ 국방부는 빨리 압색하네. 너무 투명하고 한결같네.  #검찰 #검찰개혁
1305694527177408512,2020-09-15 02:26:48+00:00,"신천지 예수교 증거장막 성전이 1984년에 창조되었다. 하나님도 천국도 이곳으로 오신다(계 1, 2, 3, 4, 7, 14, 15, 19, 20, 21, 22장). 또한 바벨론에 포로되었던 자들도 이곳으로 온다(계 7, 14, 15, 21, 22장). 그런데 이곳에서 바벨론으로 가는 자들은 뭔가? 가시면 안돼요."
1305692843298574338,2020-09-15 02:20:07+00:00,"계 7:9의 이 일 후에 많은 사람이 바벨론에서 신천지로 온다. 이는 천 년 간의 일이다. 계 21, 22장과 같다. 이 나라의 상황을 보면, 국민 전체의 인식을 변화시키는 것 같다. 한 두 사람이 아닌 국민 전체의 인식을 신천지에 우호적으로 변화시켜 많이 오게 하려는 것 같다."
1305692647344881665,2020-09-15 02:19:20+00:00,"중국에서 발생하고 문을 닫지 않고 열어둔 덕에 신천지에서 4000명이나 확진자가 나왔다면 보상을 해줘도
시원찮을 판에 구속이라니 적반하장이 따로 없다"
1305689549536804864,2020-09-15 02:07:01+00:00,하나님이 아브라함의 믿음을 의로 여기신 이유는 그로부터 약 이천 년 후에 도래할 믿음의 시대를 예고한 예언이었다. 예언대로 예수 그리스도에 대한 믿음을 의로 여기셨다. 오늘날은 한 발 더 나아가서 그 믿음이 영생으로 결실하게 되었다. 첫 열매가 현재 신천지 성도이다.
1305688255384285184,2020-09-15 02:01:53+00:00,"하나님은 수백, 수천 년 후에 될 일을 미리 말씀하시고 그것을 믿으라고 하신다. 그냥 믿으라는 건 아니고 믿을만한 증거들을 주신다. 시간이 길어지는 이유는 과정이 필요하기 때문이다. 지금은 계시록을 이루어놓고 믿으라고 하신다. 신천지 성도는 이를 믿었다."
1305685806363881472,2020-09-15 01:52:09+00:00,맞다 신나라 신천지래!!!
1305682284335357952,2020-09-15 01:38:09+00:00,애들아 신나라에서 사지마 신나라 신천지야
1305662174493196288,2020-09-15 00:18:15+00:00,"여태까지도 신천지에 빠젔다고 헛소리를 하는 자들이 있다. 이 자들은 군댓말로 '빠져가지고' 헛소리를 하는 것이다. 무엇이 빠졌을까? 성령이 빠지고, 말씀이 빠지고, 생기가 빠진 자들이다. 뼈다귀. 얼차려를 빡쎄게 시켜야 한다. 만국소성이 바로 얼차려 시키는 일이다."
1305656003329810433,2020-09-14 23:53:43+00:00,"신천지
개신교
유교
코로나 종교재판 ㄱ다"
1305645976581857282,2020-09-14 23:13:53+00:00,"신천지인끼리 하는 대화는 세상 사람이 이해하지 못한다. 말의 차원이 다르기 때문이다.비유로 말하든,  실상으로 말하든 전혀 못 알아 듣는다. 동물이 귀가 밝아도 사람 말 전혀 이해하지 못함과 같다. 말이 안 통하니 어찌 같이 살리요. 속터져서 못 산다."
1305639607837499393,2020-09-14 22:48:34+00:00,"신천지의 아버지 하나님, 정신이 번쩍나도록 성령의 감동을 주시옵소서. 정신과 욕체에 강한 기운이 돌도록 역사해 주시옵소서. 요즘 하는 공부가 단순히 지식 쌓기로 그치지 않고, 온전히 영혼의 피와 살이 되도록 역사해 주시옵소서. 신인합일을 성사시켜 주시옵소서."
1305633398598152192,2020-09-14 22:23:54+00:00,계 2~3장에 니골라당과 싸워서 이기면 열 두 가지 복을 준다고 약속하셨다. 우리는 지금도 전쟁 중이다. 피아간 사망자가 속출하고 있다. 그런데 전쟁의 상황과 판도가 확 달라젔다. 승리가 신천지 쪽으로 거의 기울어졌다. 그러나 방심하지 말고 끝까지 견뎌야 한다.
1305553610340577280,2020-09-14 17:06:51+00:00,아니 신천지가 어디서 튀어나와서
1305552675644141569,2020-09-14 17:03:08+00:00,???신천지요???
1305552582765498368,2020-09-14 17:02:46+00:00,아 저 근데 흑백전 러닝때 좀 웃긴 일 잇엇어 신천지 잡혀갈뻔해서
1305547190706683904,2020-09-14 16:41:20+00:00,저걸 처음 썼던게 올해 2월인가..? 알바할 때도 하필 신천지때매 장사 안되고 그래서 썼던 건데 그때 왜 저걸 썼던 건지는 잘 머르겠어요 뭔가 휘둘리는 거 쓰고싶었는데 그냥 저만 휘둘리고 끝난듯
1305527011671064576,2020-09-14 15:21:09+00:00,"영계 천국의 구조대로 육계 천국 신천지를 창조했다. 고로 영들이 일하는 것처럼 우리가 일하고, 우리가 일하는 것처럼 영들도 일한다. 영인 것과 사람인 것이 다르고, 지헤와 능력이 다를 뿐이다. 이루어지면 서로 얼굴을 보면서 함께 일할 것이다."
1305526692107100160,2020-09-14 15:19:53+00:00,"이새끼들
대구랑
제주도만은
청정구역으로남겨둿어야지
근대신천지땜에
신천지이또라이미친개쌉새끼들악!!!!!"
1305523983383629824,2020-09-14 15:09:07+00:00,"계 2~3장의 예언은 이룬 것도 있고, 진행형인 것도 있다. 장막 성전에서 이긴 소수의 사람들로 증거장막 성전을 세웠으나, 영계 장막이 내려오기까지는 십 사만 사천의 이긴자를 인쳐야 하기 때문이다. 계 21장의 신천지에 영계 장막이 임함으로 완성된다."
1305518072971710464,2020-09-14 14:45:38+00:00,"#본사람_다하기

한 사람을 1년동안 좋아해봤다 : O

지금 애인있다 : X

친한 이성친구가 있다 : X

지금 누가 고백하면 사귈 수 있다 : 신천지로 간주

지금 졸립다 : 네니요"
1305491322736787458,2020-09-14 12:59:20+00:00,진짜.... 민기 안조아하는 사람 싸패일베신천지이명박박근혜임... 근데 어디선가 싸패일베신천지박근혜도 한번쯤은 마음속에 붕어빵 마냥 민기를 따떳하게 품고잇을듯
1305489767686045698,2020-09-14 12:53:10+00:00,신천짘ㅋㅋㅋㅋㅋㅋㅋㅋㅋㅋㅋㅋㅋ앜ㅋㅋㅋㅋㅋㅋㅋㅋㅋㅋ
1305486270332719104,2020-09-14 12:39:16+00:00,신천지인의 생각과 세상 사람의 생각은 전혀 다르다. 신천지인은 성경 약속대로 천국과 영생을 소망한다. 세상 사람은 적당히 살다가 늙어서 죽는 것을 원한다. 같은 사람인데 왜 이리 다를까? 이는 완전히 다른 생명체이다. 이 차이를 모를 것이다. 이 차이를.
1305476002064203776,2020-09-14 11:58:28+00:00,신천지부터 도를 아십니까까지 다 겪어봤는데 제일 웃긴 경험은 마지막에 엄마한테 잘해야해요 라며 자기 할 말하고 가버린 사람을 만난 것. 그 사람은 목적이 뭐였을까
1305470242148163584,2020-09-14 11:35:34+00:00,전에 집 가다가 겨울이었나 전에 비가 왓엇나 여튼 그래서 쌀쌀하고 추웟는데 어떤 아저씨가 양복만 입고 전단지를 돌리는거야.. 그래서 와 춥겟다 하고 전단지 받고 그냥 버스 탓는데 전단지 보니까 신천지엿어
1305469919832600576,2020-09-14 11:34:18+00:00,"신천지한테 6번 잡혀본 사람
성인 아니라하니까 그중 제일 어이없던말
""아...늙어보이셔서""
개같은새키가"
1305467084831252480,2020-09-14 11:23:02+00:00,"맞아 나 초등학교 다녔을 때 바로 앞이 신천지 건물이여서 맨날 앞에서 뻥튀기로 애들 꼬득였음 난 그걸 졸업할 때까지 몰랏고 부모님이 얘기해주셔서 알았음,, ㅋㅋㅋㅋㅋㅋ"
1305464043260448774,2020-09-14 11:10:56+00:00,"신천지의 아버지 하나님, 아버지는 약속하고 그대로 이루셨으며, 저희는 아버지의 약속과 그 성취함을 믿었습니다. 속히 천국과 영생을 맛보고 싶습니다. 아버지의 얼굴도 뵙고 싶고, 세상에 저희의 변화된 모습을 보여서 자랑도 하고 싶습니다. 이는 아버지께 영광입니다."
1305456401523728384,2020-09-14 10:40:34+00:00,이번 부국제 라인업이 너무 좋아서 행사가 예정대로 열리면 신천지-러브젤처치의 뒤를 K씨네필이 이어받는 건 아닌지.. (와씨)
1305441558578094081,2020-09-14 09:41:36+00:00,"진보정권만 보면 빨갱이라고 흔드는 보수교회의 힘이 어디서 나오겠음?. . 아멘하고 쫓아다니면서 헌금 퍼붓는 신자들이지. . 종교도 이성적 판단을 지니고 믿어야 공동체에 도움이 되는거지. . 

보수교회에 등돌린 젊은 사람들이 신천지 갔다고도 하두만. ."
1305424737376452608,2020-09-14 08:34:45+00:00,"신약은 한 마디로 하면, 죄인의 죄를 예수님의 피로 사하고, 믿는 자들에게 영원한 생명을 주시겠단 약속이다. 그러니 새 일이다. 언제, 어디에서 주시는가? 마지막 나팔이 불려질 때 신천지에서 주신다. 현재 신천지가 출현했고, 마지막 나팔을 불고 있다."
1305413660710322176,2020-09-14 07:50:44+00:00,"신천지, 이태원으로 감염추이를 보면 방역당국과 국민들이 2개월 가량 죽기살기로 확진자수를 떨어 뜨려 놓더라.
전광훈,광화문 좀비들이 8월15일 전부터 합숙하면서 바이러스를 증폭시켰으니 10월 중순이면 쌀쌀해지기 전에 1단계로 낮출 수 있을텐데 추석,10월 시위를 한다? 공식 깨지는겨. 복구불능"
1305411894023319552,2020-09-14 07:43:43+00:00,"미친 목사들 덕에 
한국 기독교 급이 
신천지, 허경영과 
동등해졌다.. 썩을!."
1305402868569055234,2020-09-14 07:07:51+00:00,"저...강의에서,,,신천지...영상...트네요..?"
1305401848350662667,2020-09-14 07:03:48+00:00,"1호선 또 미친놈 코로나 마스크 왜 쓰냐고 지혼자 버럭버럭 화내는데 하도 발음이 구려서 뭔말인지 못알아들었다가 한 3분있다 알아들음
마스크가 문제가 아니라 신천지가 없어져야 코로나가 끝난데 ㅋㅋㅋ ㅋ ㅋㅋㅋㅋ ㅋㅋㅋㅋㅋㅋ ㅋ멍청의 끝 ㅋㅋ ㅋ ㅋㅋㅋㅋ이뫈이 개쇜키 개쇜키~~ ㅋㅋㅋㅋㅋ"
1305401090905497602,2020-09-14 07:00:47+00:00,"K방역이 우리나라 사람들 일부는 정부,질본보고 대단하다고 하고 있지만, 초반부터 외국인, 쓸데없는 해외여행 입출입을 막았으면(필수적인 입출입 제외) 국고 돈 빠지는 일도 더 줄었을 거고, 신천지,사이비 개신교들이 난교퍼레이드할 때도 지금보단 나았을거다.."
1305395466507399170,2020-09-14 06:38:26+00:00,"천지만물의 창조주 하나님의 궁극의 뜻은 홍수도 아니었고, 가나안 족속 진멸도 아니었고, 예수님의 십자자도 아니었다. 이는  아담이 선악과를 먹고 죄를 짓고 죽음으로 빚어진 일이다. 그의 뜻은 신천지 열 두 지파 영생의나라 창조였다. 하니 역사를 보고 오해하면 안 된다."
1305389891191107584,2020-09-14 06:16:17+00:00,"맞다 전에 막맹님이랑 서울에서 플랜 끝나고 케텍 타고 대전가는데 둘 다 졸도해서 밤 12시에 동대구까지 갔었음ㅅㅂ 역 인근 피시방에서 사퍼 5시간 하고 첫차타고 빠꾸해왔는데 다다음 날인가 신천지 터져서 존나 오들오들 떨며 집 밖으로 못나옴,,. 그 뒤로 케텍스 타도 못 자"
1305379942599815169,2020-09-14 05:36:45+00:00,황사시름이란 계정 확실하게 신천지라고 밝혀졌는데 아직 모르는 사람인건지 같은 신천지인지 팔로 수 많네
1305376956444061703,2020-09-14 05:24:53+00:00,"내일부터 안 나가고 싶어도 나가야하네
😌
제발 학교에서 확진자 나와라
랄까 학교 후문에 있는 신천지 사무실은 어떻게..."
1305373567207395329,2020-09-14 05:11:25+00:00,ㄴ아니 신천지ㅋㅌㅋㅋ
1305372620334878720,2020-09-14 05:07:39+00:00,"아,, 지금 민주당에 보이는 결점들에 많은 이들이 실망을 하고 차라리 미통당은•• 머 이런 말 하는데 
그 이전에 한국 코로나 확산에 지대한 영향을 끼친 신천지와 광화문집회 둘 다 미통당과 아~주 연관이 있는 걸 보아
나는 걍 둘을 비교할 마냥 말하는 글들 조온나 화딱지 나"
1305367197091471360,2020-09-14 04:46:06+00:00,집회 참가자로 오해 받느니 차라리 신천지가 되겟어요(극단적
1305351150435143680,2020-09-14 03:42:21+00:00,신천지 댓글부대 화력은 전국 최강이다.
1305347225409609729,2020-09-14 03:26:45+00:00,"교회만 억제해도 계속 1단계였을텐데
확진자수 50명이하인....
자영업자 억제하지 않아도 될텐데
QR코드만 잘하고
(신천지,전광혼)"
1305347209144098817,2020-09-14 03:26:41+00:00,"교회가 
세상을 어지럽히니 
세상은 
교회를 버릴 것이다.

개신교! 
신천지와 뭐가 다른가! 
개천지?

목사말고 예수를 믿으세요."
1305307973795762178,2020-09-14 00:50:47+00:00,"전광훈이가 신천지가 코로롱이 어쩌고 그러는데
그거때문에 2.5단계 된거 짜증나면 오늘부터 집합금지 살짝 완화되었다고 리겜장 가는것도 그만두세요
왤캐 역겹냐 진짜 지들 리겜장 가는건 문제 안됨?
교회들 최대 10인까지라니까 10인까지 괜찮으면 10인단위 모임만들자 ㅇㅈㄹ 이랑 다를게 뭐야"
1305302380318134273,2020-09-14 00:28:33+00:00,"앰빙시 어떻게,,질병관ㄹ1본부에 신고 안대나,,..왜저러는거야...신천지처럼,,,럽젤교회처럼..,대가리에 한강수넘실대는 것처럼...."
1305291250560430081,2020-09-13 23:44:19+00:00,신천지오해받은 은한님…
1305289496951357440,2020-09-13 23:37:21+00:00,은한님 신천지아님은 갑자기뭐임
1305287400986349568,2020-09-13 23:29:02+00:00,신천지 ㅋㅋㅋㅋㅋㅋㅋㅋㅋㅋㅋㅋㅋㅋㅋㅋㅋㅋㅋㅋㅋㅋ 2007년에 피디수첩 나와서 영생이 별겁니까 영생한다 ㅇㅈㄹ 하던 신천지 총회 법무부장 암으로 뒈졌다는 소식 오늘 처음 알았음 ㅋㅋㅋㅋㅋㅋㅋㅋㅋㅋㅋㅋㅋㅋㅋㅋㅋㅋㅋㅋㅋㅋㅋㅋㅋㅋㅋㅋㅋㅋㅋㅋ
1305278579748401152,2020-09-13 22:53:58+00:00,"사랑하는 신천지의 아버지 하나님, 아버지의 한 없는 사랑과 은혜를 감사합니다. 이 시간도 저희의 마음을 사랑으로 충만하게 하시옵소서. 아버지의 구원의 역사와 만물을 바라볼 때 사랑의 사랑의 마음과 감사의 마음이 솟구치게 하시옵소서. 영원히 영광을 받으시옵소서."
1305272798084886529,2020-09-13 22:31:00+00:00,"온세계가 신천지를 대적하고 온갖 모진 핍박을 가해와도 신천지가 절대로 무너지지 않고 영존하는 이유는 무엇일까? 사실 진작에 없어져야 할 대상은 세상이었다. 홍수 때를 보라. 그런데 세상 죄인을 살리기 위해 신천지를 창조했는데, 신천지가 어떻게 없어지겠는가?"
1305225376306659328,2020-09-13 19:22:34+00:00,씨발 부산 신천지 안드레지파 개새끼들아 세금 탈세한거 빨리 내고 건물 빼라 개새끼들아
1305222425567571968,2020-09-13 19:10:50+00:00,뜬금없이 군 제대한지 오래된 추미애 아들까지 끌고올만한 새끼가 솔직히 신천지 쓰레기들말고 더 있냐
1305222085271105537,2020-09-13 19:09:29+00:00,적사 짤 좀 보려고 검색하면 다들 적ㅡ멘 이러고 있어서 무슨.. . 난 신천지인줄 알았잖아
1305208350687150082,2020-09-13 18:14:55+00:00,"신천지 거제교회 자원봉사단, 유자농가에 힘 주다"
1305205763288121345,2020-09-13 18:04:38+00:00,"옛날에는 확진자 줄어들면
'오 이제 코로나 없어지겠구나'하고 기대 오지게 하고 있었다고
근데 ㅅㅂ 클럽 간 새끼들이나... 집회한 애들이나... 신천지나.. 에휴 지친다..
이런 말 해봤자 뭐하냐 차피 지킬 놈 지키고 안 지킬 놈 또 안 지킬텐데...
참 슬프다... 8ㅁ8"
1305187920530214913,2020-09-13 16:53:44+00:00,기독보수 ㅈㄱㅎ목사 추종자들 진짜 신천지 욕할 거 있나요. 걍 여러분이 코로나시대의 테러리스트나 다름 없음을 깨달아주세요.
1305181558370742272,2020-09-13 16:28:27+00:00,"사이비라는 말이 싫은거에요? 사이비, 완전 사이비. 세계제일 사이비. 거짓말쟁이. 구라뻥쟁이. 공방에 데려가준다고 했던것도 구라였죠? 그 정체를 알 수 없는 사이비 종교에 데려갈 생각이었던거였죠? 마치 신천지 처럼?"
1305172143034966016,2020-09-13 15:51:02+00:00,뭐지.대체 뭐가 문제..와다시 기독교(신천지아님신천지아님진짜ㄹㅇ아님블락ㄴ)라 귀신아 물러가랏! 귀신 간다는데 나 왜 가위눌리고 아니 눌릴수도 있지 그치 양자택일 극단적이야 야 ㅋ 나 건드린 귀신 딱 나와 조져버린당❤
1305163641751130112,2020-09-13 15:17:15+00:00,신천지도 그렇고 러브젤교회도 그렇고 안 죽는게 용함 미국이었어봐 얘네 계속 총 맞고 뒤진 거로 1면 장식했을 거다 .... 는 미국은 국민이 지금 교인이나 다름없지만ㅋㅋ
1305129958918877184,2020-09-13 13:03:25+00:00,"근데, 저, 진짜 많이 궁금해서요..
학원이 그렇게... 위험한가요...?

신천지발 코로나 때는,, 납득을 했어요...
학원도 아이,어른들 많이 모이는 곳이니 등교수업 하려면 학원이 쉬는 게 맞지...라고요..

그런데 상반기를 쭉 지나 보니까요,,
영문을 모르겠어요..
제가 바보가 된 것 같아요.."
1305128683808546816,2020-09-13 12:58:20+00:00,"답이 없어. 명절에 모이는 게 도리라는 믿음이 신천지, 사랑교회 수준이야. 피곤하다 피곤해"
1305115987008581632,2020-09-13 12:07:53+00:00,신천지.개신교  그럼 둘다 없어져야 하네.참.~~~~어렵다.국민의 20%가 개신교신자.엄청난 사회문제다.
1305102885437366274,2020-09-13 11:15:50+00:00,사회적 거리두기 2단계가 대구 신천지 때랑 같은 단계인데.. 2.5단계에서 2단계로 됐다고 해서 사람들한테 안전불감증이 생기진 않겠지...
1305100913841823744,2020-09-13 11:08:00+00:00,이걸 콘서트에서 봤겠지 시발!!!!!!!!!!!!!!!!!!!!!!!!!!!!!!!!!!!! 신천지 시발!!!!!!!!!!!!!!!!!!!!!!!!!!!!!!!
1305090858300002304,2020-09-13 10:28:02+00:00,섀즈에게 눈이 참 맑으시네요 같은 신천지 대사 갈겨주고 싶어요
1305090466916872193,2020-09-13 10:26:29+00:00,"진짜 먹먹해요....
공연예술을 하는 사람들이 공연이 생계인데 코로나로 인해 많은 공연들이 취소되고 공연을 준비하는 사람들은 속상하고 그 모습을 본 우리들도 속상해요.
집회, 신천지로 인해 오히려 더 심각해지고 공연을 하는 사람들은 더더욱 힘들어지고
이게 무슨 날벼락이야...."
1305090358791954433,2020-09-13 10:26:03+00:00,"ㅈ광훈 목사 추종자들하고 신천지하고 서로 뽀뽀하고 나가 뒤져버렸으면 좋겠다
야삽으로 미간 후비고 싶네
가족 중에 신천지 혹은 ㅈ광훈 목사 추종자 있으면 답글 다세요 탈룰라 안해드림"
1305090276143239168,2020-09-13 10:25:43+00:00,"집 주변에 신천지 방송국있는거 떠올라서 깜짝놀람
그냥 방송국이 아니였숴"
1305085303338668038,2020-09-13 10:05:58+00:00,"‘
대구 신천지발(發) 신종 코로나바이러스 감염증(코로나19) 대유행 때(10.4%)보다 훨씬 높은 수치다.

김우주 고려대 감염내과 교수는
 “방역 효과가 나타나고 있다고 하는 건 좋은 부분만 본 일종의 확증편향”이라며
 “어떤 근거로 방역효과가 나타나고 있는지가 분명해야 한다”
고 강조했다.
‘"
1305080162392748033,2020-09-13 09:45:32+00:00,비계인알은 진짜 신경안써요 .. 글타고 동원이한테 주머니빠큐 하시면 안댐 아기강아지천사 욕하면 일베신천지박사모3대가머머리
1305075341593960449,2020-09-13 09:26:23+00:00,대구의 신천지 아웃브레이크 때를 생각해봐라. 집에 좀 있으셔들
1305074563391188993,2020-09-13 09:23:17+00:00,"미자들이 무ㅝ 어쩌고 시발?ㅋㅋㅋㅋㅋㅋㅋㅋㅋㅋㅋㅋ 코로나 대규모 확진 전부 클럽, 신천지, 교회. 미자가 그랬냐? 성인이라고 불릴 수준도 안되는 새끼들이 나이 똥구멍으로 처먹고 성인대우 받길 존나 바라면서 꼰대짓 존나 웃겨"
1305072885048909825,2020-09-13 09:16:37+00:00,"신천지 지나니
교회가 ...
교회가 지나니
허경영 ...
우리 질본이랑 정부는 
전생에 무슨 잘못을 그리 ..."
1305068210178281473,2020-09-13 08:58:02+00:00,"지나다니는 길에 로또 파는 가판대가 있는데 코로나 확진자 수와 토요일 로또사려는 사람들 줄의 길이와 비례하는것같다. 3월 신천지, 5월 이태원 클럽, 8월 코로나 집회 이기간에는 줄이 길어서 지나다니기 힘들었다. 경제는 진짜 심리이다."
1305066717870055424,2020-09-13 08:52:07+00:00,"지금까지 이태원 클럽때 몇몇 미성년 왜에 미성년이 방역수칙을 어겨서 그게 매개체가 된 사례는 없지 않았나 물론 찾아보면 있긴 하겠지만 신천지나 클럽에 있던 많은 성인들, 집회같은 큰 사건에서 미성년이 매개체가 된 적이 있었나??"
1305065466751197185,2020-09-13 08:47:08+00:00,민수 시러하면 싸패 일베 신천지
1305053700797337601,2020-09-13 08:00:23+00:00,"이만희 개새끼 신천지는 날 걸러라
●자동트●"
1305046917177462784,2020-09-13 07:33:26+00:00,참 애쓴다. 하지만 할수없다. 한꺼번에 확 터진다. 원인 제공자 신천지교주 이만희  중국에서 신도 코로나 감염자 입국해서 확산 경상도는 왜구씨앗 정부는 알고있다. 민주당도 알고 있다. 미적지근한 정부와 민주당 바보다.
1305030568187277314,2020-09-13 06:28:28+00:00,"레나의 한국 이름은 이만희인가요?

(*신천지 총회장입니다...)"
1305022361247178752,2020-09-13 05:55:51+00:00,"다른분들 보다보면 바이오에 신천지x가많던데 혹시 식물계에 신천지가 많은가요?????????????저도 신천지x 오지마세욤ㅎ

무교무교무교걸
데레데레댓댓걸"
1305015814630731776,2020-09-13 05:29:50+00:00,나 저일러본적없는데 뭐야???? 첫사랑조작신천지오빠같음
1305004197926940672,2020-09-13 04:43:41+00:00,난 신종교를 사이비라고 부르는거 싫어하고 되게 관대한편인데 신천지는 사이비가 맞다.
1305001055827054592,2020-09-13 04:31:12+00:00,"매번 정부와 질본에서 죽을힘을 다해
방역해서 코로나확진자를 안정시키면
신천지,전광훈,사랑제일교회에서 기하급수적으로 늘려놓고..
또 욕먹어가면서 질본,정부는 죽어라...방역..
이러지말고.
이제 부터 테러범들에게는 
테러방지법을 적용합시다."
1304969320783474688,2020-09-13 02:25:05+00:00,전쟁에 있어 확실히 병사는 소모품입니다. 허나 나라의 기본이 되는 백성을 가볍게 여기는 국가는 머지않아 결국은 망하겠지요. 신천지를 손에 넣어도 씨앗을 잃어서는 번영 같은 걸 꿈꿀 수 있겠습니까?
1336163620833529856,2020-12-08 04:20:06+00:00,요즘 코로나 때문에 헬스도 못하니 뱃살 다시 나오는 듯ㅠㅠ 그래서 식단 관리라도 하려고 단백질쉐이크 챙겨 먹고 있는데 이거 진짜 괜찮네요. 포만감이 오래가서 자기 전까지 안배고픔;; 물이랑도 잘 섞이고 맛도 존맛ㅋㅋ 지금 세일하니까 필요한 사람 ㄱㄱ
1304961497072726016,2020-09-13 01:54:00+00:00,"무궁화 나무 잎을 벌레가 다 먹었다. 그럼에도 꽃을 피웠다. 역시 무궁화다. 꽃잎 뒤엔 얄매렸다. 요즘 신천지를 보는듯하다.영원무궁화는 생명나무 신천지화이다. 가을이라 보이는 게 온통 열매들뿐이네. 다시 한 번 내 사명을 깊이 생각한다. 열매 맺어야지, 꼭.^^"
1304925061325795328,2020-09-12 23:29:13+00:00,"예전 신천지 경우엔
4주차 때 안정
금주가 광신극우파 때거리이후
4주차
안정될지 보기"
1304916962053480448,2020-09-12 22:57:02+00:00,개독이나 신천지가 다름이 있나?
1304906213352640512,2020-09-12 22:14:19+00:00,"신천지인은 생명의 빛이며, 세상은 사망의 어둠입니다. 저 어둠을 미워하면 뭣하겠습니까? 마음을 완전히 비우고, 사랑의 마음으로 한 자씩 가르쳐서 저들도 생명의 빛으로 창조하도록 인도해 주시옵소서. 아버지께서 저희를 사랑하신 것처럼 세상을 사랑하게 하옵소서."
1304905210087665664,2020-09-12 22:10:20+00:00,아버지 하나님의 영원한 천국 신천지 예수교 증거장막 성전의 비밀을 아는 자들은 저희뿐입니다. 조석으로 선선한 계절입니다. 아버지와 하늘의 성령님들과 저희가 함께 모여서 살 날을 고대합니다. 교회에 모여서 아버지를 찬송하던 일이 그립습니다. 속히 이루어 주시옵소서.
1304834278224621568,2020-09-12 17:28:29+00:00,"레나의 한국 이름은 이만희인가요?

(*신천지 총회장입니다...)"
1304825007592206337,2020-09-12 16:51:38+00:00,앤마리 2002 댓글에다 누가 2020년은 신천지 20002라고 써놧냐시1발아
1304816453976166402,2020-09-12 16:17:39+00:00,고성ㅎㅊ 싫어하면싸패신천지
1304797111498633224,2020-09-12 15:00:47+00:00,젠장 하지만 신천지의 바디로션이 뇌리에 꽂혔단말이에료
1304796732304142337,2020-09-12 14:59:17+00:00,신천지의 바디로션?
1304787869467176960,2020-09-12 14:24:04+00:00,온클진짜싫어 신천지죽어 코로나죽어제발사라져
1304784283861573632,2020-09-12 14:09:49+00:00,잼버리ㅎㅊ 안좋아하면 신천지
1304784090533564416,2020-09-12 14:09:03+00:00,신천지 아직도 붙네...팔로잉 하지마세요. 차단도 귀찮아요...
1304715249233227777,2020-09-12 09:35:30+00:00,"이야 아직도 신천지가 설치고 다니는구나..
정말 토악질 나오는 광사이비집단들 이제 너희가 말하는 교주도 곧 수명을 다해 한줌의 흙으로 갈거야."
1304708415688564737,2020-09-12 09:08:21+00:00,"혼자 지내버릇하는 시간이 많은데도 쓰레기(이성)의 유혹,
종교(신천지 기타 개독)의 유혹,
약물의 유혹, 다단계의 유혹,
보증의 유혹, 각종 사기의 유혹,
쓰리섬의 유혹, 도박의 유혹
등에 연루되지 않고 오늘날까지
산 것만으로도 이번 생은 다행임"
1304683974757945344,2020-09-12 07:31:14+00:00,"이 시국에도 종교포교(화곡동이니 신천지일 가능성 높음) 하는 사람이 있구나.

#미친게분명해"
1304673997179686914,2020-09-12 06:51:35+00:00,난 쟤 하는 말 안 믿기 시작한 게 신천지 잡듯이 교회 잡았으면 지금 이 난장 안났어. 수도권에서.
1304664922689658880,2020-09-12 06:15:31+00:00,"씨피명써방은 신천지나 하는 거지
우리같은 지성인들은 그런거 않 헤. ㅋ"
1304628986102784001,2020-09-12 03:52:43+00:00,신천지 정말 부지런해
1304624708571156480,2020-09-12 03:35:43+00:00,"아니나 도수 치료? 추나? 이런거 받았는데 거기 좀 이상해...
직원들 신천지룩(모나미룩) 입고 있고 치료전에 계약서 쓰는 거에 종교 적는 거 있고....거기 센터 이름도 이상하고 2호점 비스무리하게 병원안에 생겼다는데 그기 이름 무슨 기독 어쩌구 아 암튼 사이비 같음;;; 존나 쎄해"
1304603629110714368,2020-09-12 02:11:58+00:00,정신 좀 차려 이 양반아! 너 그러다 나가서 막 보험사기 당하고 다단계 끌려가고 신천지 가입하고 그러는 거야!
1304586069367599106,2020-09-12 01:02:11+00:00,"다만 신천지 집단 발병은 모르고 당했지만, 사랑제일교회는 알고 당했다는 게 안타까워요. 4~5월에 집단 모임 단속하는 공무원들 밀쳐내는 모습 보고, 저는 대충 예측이 됐어요. 정부는 종교 탄압으로 정치적 역풍을 맞을까 봐 제대로 대응을 못 하는 와중에,"
1304516327873404929,2020-09-11 20:25:03+00:00,전쟁에 있어 확실히 병사는 소모품입니다. 허나 나라의 기본이 되는 백성을 가볍게 여기는 국가는 머지않아 결국은 망하겠지요. 신천지를 손에 넣어도 씨앗을 잃어서는 번영 같은 걸 꿈꿀 수 있겠습니까?
1304452235884072960,2020-09-11 16:10:23+00:00,대구경북 신천지발 코로나로 모든 학원들은 3개월 휴업으로 경제적 타격이 컸었다.폐업하는 사람도 많았다. 코로나로 직격타 맞는 업종들이 특히 있다. 그 분들 집중 지원이 필요하다. 지금 수도권 자영업자분들 힘들어하는 모습보니 그때 생각이 나서 안타깝다. 월세와 고정지출이 그대로 빚이다.
1304449914873589760,2020-09-11 16:01:09+00:00,"이만희 개새끼 신천지는 날 걸러라
●자동트●"
1304427129593946113,2020-09-11 14:30:37+00:00,"2020년 한국 코로나 시즌별 요약
2020년 2월 코로나 한국 상륙
시즌 1 신천지
시즌 2 이태원 블랙방
시즌 3 사랑제일교회"
1304425059415597061,2020-09-11 14:22:23+00:00,약간 걍.. 말투 개웃김 신천지같음
1304422213987127298,2020-09-11 14:11:05+00:00,"불날 보고싶어서 줄거리를 친구들한테 물어봤음 
@:...인간이 불멸이 된 세상에서 죽음을 숭배하는사멸교타파
죽으려고 별짓다함 부모가 애 앞에서 ㅈㅅ시도함
&gt;신천지인가?
@@:네가 좋아하는 왕가얇은허리들이나오고,,그 중에 한 명은 지 가슴때문에 팔짱도 제대로 못낌
&gt;이건꼭봐야겠다이건딱내거다"
1304393146269224962,2020-09-11 12:15:35+00:00,신천지 전광훈 담엔 허경영인가
1304390556072599552,2020-09-11 12:05:17+00:00,"처음에 신천지 쥐잡듯 잡을 때
그들이 사이비로써 사회에 끼친 해악이 있다손치더라도
나는 우한폐렴을 신천지에 뒤집어씌우는 건 문제가 있다 생각했다
얼빠진 목사들 우한폐렴으로 신천지가 드러났다 염병하던데(대깨문들)
솔직히 내가 아는 교회들 몇 군데는 정말 철저하게 마스크 쓰고 소모임 안하"
1304388609894526978,2020-09-11 11:57:33+00:00,신천지 - 이태원 - 전광훈십새 - 이젠 허경영이냐
1304386113071587328,2020-09-11 11:47:38+00:00,"교회 욕하지 마세요?맞는 말이다. 하지만 전광훈의 사랑제일교회, 신천지,그리고 몇몇교회는 욕뿐만 아니라 그이상도 하고 싶다. 하느님과 예배를 가장한 사이비집단으로 여겨지기 때문.그들 집단은 결국 돈에 목적을 두고 사람들에게 사기를 친다고 보면 된다. 이곳에 빠져있는 국민들 정신차리세요!"
1304377228357107712,2020-09-11 11:12:20+00:00,"왜 정부와 질병관리본부,지자체 등은 
신천지나 극우세력, 일극우
등이 코로나19 바이러스를
이용해  국내 혼란 야기 및
문재인정부를 공격할 수 있다고 생각하지 못 하는 것일까?

광복절집회로 인한 감염폭팔이 우연이었을까?

왜 계속해서 똑같이 작은교회 와 방문판매업체로 인한 감염발생이"
1304371460736131073,2020-09-11 10:49:24+00:00,"개독 전빤스보다 신천지 이만희가
인간답듯이

원숭이 중궈니 보다 변TM이 인간답다"
1304369958831321090,2020-09-11 10:43:26+00:00,"? 번호따임 
ㅈㄴ ㅇ.ㅇ? 이러면서 지나갓는데 걍 너무 신기해서...신천지엿겟지 백퍼"
1304362669198123008,2020-09-11 10:14:28+00:00,"계절이 바뀌면, 풍경도 바뀐다. 현재는 신천지가 핍박을 받지만 잠시 후면 영광을 얻을 것이다. 그리고 시간이 더 지나서 신천기 천 년에 이르면, 신천지를 반대하는 악인들은 싹 사라질 것이다. 오직 신천지 열 두 지파 성도들만 남을 것이다. 이게 향후 지구의 풍경이다."
1304348252104306688,2020-09-11 09:17:11+00:00,내 입에는 아직도 신천지가 붙어 있는데 신천지놈들 때문에 신문물로 바꿔쓰잖아.-_-
1304347354296770561,2020-09-11 09:13:37+00:00,ㅋㅋㅋㅋㅋㅋㅋㅋㅋㅋ 신천지 ㅋㅋㅋㅋㅋㅋㅋ
1304331383771262979,2020-09-11 08:10:09+00:00,홍대 길거리에서 다시 2인조 도를 아십니까가 보인다.신천지 부활인가.
1304319457234305024,2020-09-11 07:22:46+00:00,다시 상황실에서 문자가 온다 증상있으면 출근하지 말고 연락하라고. 이거 신천지 집단감염 터졌을때 받았던 내용인데.......... 진짜 제발 처 나가서 술좀 그만 퍼마시고 제발제발 집에 들어가 일찍 자 ㅠ 당신들 때문에 자영업자는 물론 월급쟁이도 업무에 차질이 생긴다고...
1304316017158447104,2020-09-11 07:09:06+00:00,이제 신천지라는 단어는 문학적 표현으로 쓸 수 없게 되었다.
1304300663841546240,2020-09-11 06:08:05+00:00,"올해도 차례를 지내는집이 있음?? 진짜 헬조선 씨발 ㅋㅋㅋㅋㅋㅋㅋㅋㅋㅋㅋㅋㅋㅋㅋㅋㅋㅋㅋㅋㅋㅋㅋㅋㅋㅋㅋㅋ 평소에도 없애라했는데 이럴때도 하고 있으면 제사 자체가 신천지고 보수개신교랑 똑같은 진짜 맹목적인 무언가다...

벗어나 그거 그냥 아무것도 아닌 주박이야 한남들아..."
1304296779576303616,2020-09-11 05:52:39+00:00,"신천지, 특히나 정치권이나 국정원 관련자들 및 수사기관 및 공무원들 몽땅 다 죽여 버린다.2020년 9월 25일까지."
1304275548365963265,2020-09-11 04:28:17+00:00,"일본회 조선지부 국민의힘(구, 사이비교 신천지 대구경북 경주 강남갑 전광훈 매국통합당) &amp; 일왕을 숭배하는 일본 불교 꺼져라!"
1304274167785684993,2020-09-11 04:22:48+00:00,"근데 저분 원래부터 567 감수성 조오온나 없긴 했음 내가 말했을 저 당시에도 대구는 방역 잘되고 있다~ 웅앵웅 시전함
아니 그때가 한창 신천지 폭발할 때였다니까?"
1304271602218160128,2020-09-11 04:12:36+00:00,"2.5단계 이번주에 해제해도 괜찮지 않을까 하는 생각이 듭니다

대구 신천지 아웃브레이크처럼

이전 급속확진은

서울 전광훈발 아웃브레이크 였으니 

일단 급한불은 끄지않았나 하는 생각이 드네요"
1304270386264248320,2020-09-11 04:07:46+00:00,다시한번 외쳐본다~!!! 문천지=신천지=젠천지~!!! 자 그럼 해산~!!
1304264140165390336,2020-09-11 03:42:57+00:00,"일전에 로나코 신천지 대규모로 터졌을 때 대구사람들 전체 싸잡아서 욕하지 마세욧! 이러면서 
아무도 대구사람 자체를 욕하지도 않았는데 지혼자 개찔렸는지 풀발하길래 블락했었는데ㅋㅋ"
1304245481233547265,2020-09-11 02:28:49+00:00,"매크로 신천지 이단 이랑 다를 게 뭐야.. 
사람 심리 이용해서 자기네들 득 취하는 게 뻔히 보이는데.."
1304240030634790913,2020-09-11 02:07:09+00:00,"신천지 천명이 넘게 대규모 #혈장공여 본사 철저히 방역을 걸쳐 1명당 대기 및 검사 혈장공여 시간 무려 3~4시간걸려 직장 반,월차내기도!
또한 20~30만원 가량 교통비도 안받고!#코로나19종식 검사를 무료로 진행하고 감염자 치료 등을 정부가 부담한 것에 대해 감사의 의미를 나타내며 혈세의 부담⤵️"
1304220203325288454,2020-09-11 00:48:22+00:00,근데 프레이아님은 동인계에서의 신천지 담당이라 해도 믿을거 같은 이유가 멀까요?
1304200274387501056,2020-09-10 23:29:10+00:00,기독교 조폭양아치 엮인 정치인 하나같이 신천지개독스럽다
1304199360163373056,2020-09-10 23:25:32+00:00,"신천지 열 두 지파가 예수님의 피로 창조된 유일한 곳이라고 하니까, 반박을 한다. 자기들도 예수님의 피로 죄사함 받았는데 무슨 소리냐는 것이다. 이들은 포도주와 새 포도주가 있음을 모른다. 예수께서 믿는 자들과 하신 새 언약에 관한 부분을 읽어보라. 마 26장 눅 22장."
1304197547192328192,2020-09-10 23:18:20+00:00,"신천지 열 두 지파 성도들은 하나님 보좌 앞에서 예수 그리스도의 계시로 양육받은 신인이다. 가짜 마귀 목사 밑에서 거짓말을 배운 자들이 아니다. 고로 신천지인에게 성경 질문을 하려거나, 변론을 하려거든 심사숙고헤서 질문 같은 질문을 하라. 머리 아프다."
1304191564630032385,2020-09-10 22:54:34+00:00,"이젠 유교와의 전쟁이다
신천지와 개독에 이어 미친놈으로 불리고 싶다면 모여서 전도 부쳐먹고 코로나도 부쳐먹고 다 해봐"
1304191340150812672,2020-09-10 22:53:40+00:00,오늘 모나미룩 입고간다 치마 입고 성경책 들면 딱 신천지룩이야...😇
1304190815024029696,2020-09-10 22:51:35+00:00,"나경원[일본회 조선지부 국민의힘(구, 사이비교 신천지 대구경북 경주 강남갑 전광훈 매국통합당)]의 아들, 김현조 입국했나? 입국없이 미국에 잔류 했다면 원정출산으로 인한 미국 시민권자. 근데, 서울대(구, 경성제국대)의 비호로 논문에 이름 올리고 대학 엄마찬스로 간 후레자식"
1304190121286291456,2020-09-10 22:48:50+00:00,오늘 한 몇 시간 고민하니까 저 새끼가 사실은 조직폭력집단을 가장한 신천지가 아닐까 하는 결론에 다다르더라
1304185859520880641,2020-09-10 22:31:54+00:00,"신천지 열 두 지파의 아버지 하나님, 우리는 어버지의 씨로 창조된 유일한 아버지의 자녀이옵고, 예수님의 피로 죄사함을 받은 유일한 의인입니다. 오늘도 각인의 마음을 매순간 주관하셔서 세상으로 흐르지 않게 하시고, 진리와 생명의 말씀 안에 거하게 하옵소서."
1304184701687484417,2020-09-10 22:27:18+00:00,"신천지 예수교 증거장막 성전의 아버지 하나님, 예언 성취의 시계가 잠시 멈춘 것 같은 답답한 시간입니다. 예수님도 이럴 때, ""엘리 엘리 라마 사박다니""하며 울부짖으셨습니다. 그러나 잠시 버림이 예언을 이루는 가장 중요한 순간이었습니다. 그후에 부활이 성취되었습니다."
1304132493080055808,2020-09-10 18:59:50+00:00,"신천지(이민희)는 자기들이 박해받았다고 로비회사 선임해서 미국에 알리겠다하고, 극우세력(김일선)은 자국 대통령을 구속해달라고 백악관에 청원하고, 박상학은 전광훈 구명을 위해 트럼프에 서신을 보내겠다하는데, 지금이 미군정 신탁통치시대냐? 꼴값은 니들이 하는데 부끄러움은 왜 우리 몫이냐?"
1304124840173920256,2020-09-10 18:29:26+00:00,"더팩트-""성도들의 순수한 마음"" 신천지 신도 1160명 추가 집단 혈장공여"
1304112333833216002,2020-09-10 17:39:44+00:00,신천지 신자 워록 이성적인 헌터 팔랑귀 탄 극악의 조합
1304102858019622912,2020-09-10 17:02:05+00:00,그거 신천지 따라하는게 징짜 웃겨
1304068746563051520,2020-09-10 14:46:32+00:00,그럼요그럼요 도쿄의 신천지인걸요..
1304055761333485568,2020-09-10 13:54:56+00:00,"[#24현문현답]
#이만희 총회장님의 #현답19

성경에는 죽음에 매여 종노릇하는 모든 자를 놓아주시기 위해 사망의 세력을 잡았던 악신 마귀를 끝내실 것이 약속되어 있습니다. (히 2:14-15, 계 20:2, 10, 14)

#뉴노멀 #천주교 #신천지 #예수교회 #이만희총회장님 #답변 #이병철회장님 #현문현답"
1304052577600856070,2020-09-10 13:42:17+00:00,만약 신천지와 시발좆좆제일교회가 없었으면 지금쯤 숙주런하면서 있었겠지?
1304044846139625473,2020-09-10 13:11:33+00:00,븅신썻다고이러는거야? 나진짜설마설마했는데..시발장난해? 장난하냐고이미친년들아장난하냐고게임이따구로만들지마 나는일방적으로 걔네들한테 성희롱듣고 아무 이유 없이 욕먹었는데 정작 걔네들한테 못한다고만하고 이상한데로 무빙된거 빡쳐서욕한거에정지를먹어?이신천지병신게임
1304043026952589312,2020-09-10 13:04:20+00:00,그냥 전 분노가 요즘 심해진거 같다 이게 다 신천지와 전광훈 교회세끼들
1304036307652362241,2020-09-10 12:37:38+00:00,"한강간새기들이나신천지나사랑제일교회나다똑같은새기들임,,,"
1304035817061449728,2020-09-10 12:35:41+00:00,와 우리 집에 누구라곤 안 하겠지만 하다하다 신천지 편을 든다... 신천지가 지들 괴롭힌다고 미국 가서 찡찡거리는 게 뉴스를 탔는데 그거 보면서 아무리 그래도 종교를 박해하면 어쩌냐네? 이게 극우주의에 찌든 뇌인가
1304029605842485248,2020-09-10 12:11:00+00:00,"신천지, 광화문 민폐들의 콜오나 때무네
나라에서 예산을 을마나 푸는거냐..,.
좀 뉘우쳐라... 지긋지긋"
1304024484270145538,2020-09-10 11:50:39+00:00,"으엥?저 탐라에 첨보는분 있어서 들어가봤더니 신천지였어여!
ㅇ0ㅇ...근데 맞팔이더라구요!!!

호다닥 불락했긴한디...이게 무슨일...;;;
왜맞팔일까요;;; 일코하다가 본색을 드러낸것일까요?"
1304024325842849792,2020-09-10 11:50:01+00:00,신천지로 1차 전광훈으로 2차 시월드로 3차 가는 건가
1304015494404472832,2020-09-10 11:14:55+00:00,트친분들도 만나려고 했는데ㅋㅋㅋㅋㅋ 코로나 그때 대구에서 신천지 때문에 확 퍼져서 그냥 포기하고 집에 짱박히기로 타협함ㅠㅜㅠㅜ
1304009898078826496,2020-09-10 10:52:41+00:00,"광복절집회 전후 코로나
관련 주목 할 한 사건 및
결론 추정.

6월 소규모교회 및 방문판매 업체에 의한 감염
확산. 수도권에서 시작되
대전을 거쳐 광주까지 감염확산.

7월 신천지의  보복 명령
 전광훈 석방 및 광복절집회 예고

8월 약 1900명 교인의 사랑제일교회에 약 4000명이 모여 일주일간"
1304000968263041024,2020-09-10 10:17:12+00:00,"서울시의 동성애자축제허가?

태극기집회는 불허?

우한코로나는 진정으로 눈이 달렸나?

신천지와 태극기부대(극우기독교)만 유독 애정 하고 있으니

동성애자들에게는 우한코로나가 기피 하는것도 아닐진데 

동성애자축제는 우한코로나가 무서워서 접근을 못하는것인지?"
1304000183781351429,2020-09-10 10:14:05+00:00,"개천절 집회는 문재인 살려주는 집회다.
지금 코로나로 먹고사는 문가 정권! 코로나 확산 되봐라 보수당이 충동질 했다고 대대적인 홍보와 모든 책임은 보수세력으로 몰고 갈것이다.코로나 확산을 신천지,사랑제일교회로 책임전가 더이상 이용 당하지 말자 코로나 사태 종식되면 그때 본때를 보여주자"
1303997029777960961,2020-09-10 10:01:33+00:00,"이재명의 억강부약은...

이재명이가 조진 사람들 보면..
아프다는 자기 형, 철거민, 장애인,
자기 욕하는 네티즌, 김부선,
소액 체납자, 계곡 점거해서 영업하던 사람,
상품권 깡하는 사람, 신천지 신도, 김사랑..

조선일보와 이만희는 고발드립만 하다 말았으니
억강부약은 말짱 거짓말."
1303975278302044160,2020-09-10 08:35:07+00:00,"코로나19가 열일 합니다.

전쟁나면 젤 먼저 친일파와 범죄자들이 도망갑니다. 거기에 끼어서 목사들도 도망가고..,

그런데 코로나19 전쟁나니 썩은곳을 다 드러내 줍니다.

신천지, 전광훈, 쿠팡, 콜센터, 미통당

이들이 썩어 문드러진걸 모든 국민이 다 알게 해줍니다. 

코로나19 신기합니다."
1303970899410911232,2020-09-10 08:17:43+00:00,정구기 오늘 완전 신천지룩이네..
1303965946562846721,2020-09-10 07:58:02+00:00,"출근길에 신천지에붙들림
황급히 뿌리쳤다 ㄹㅇ"
1303963537589432321,2020-09-10 07:48:28+00:00,나오늘 출근하면서 진격거 2기 거의 다봣는데 베르톨트랑 라이너 왜 저런 신천지마인드가 된건지 궁금해미치겟음 빨리 애니다보고 만화보고싶다 헉헉
1303962775157317632,2020-09-10 07:45:26+00:00,"#신천지예수교회 #코로나종식
#극복 #기도회

신천지예수회
코로나19 종식 온라인 기도회 개최"
1303952261194764289,2020-09-10 07:03:39+00:00,"#신천지예수교회 #코로나종식
#극복 #기도회

신천지예수회
코로나19 종식 온라인 기도회 개최"
1303946694149550080,2020-09-10 06:41:32+00:00,"용이 코로나를 기회로 신천지를 잡으려고 국민의 마음에 거짓말을 강 같이 토했다. 어리석은 국민은 이를 먹고서 용의 말에 장단을 맞췄다. 신천지 교회는 페쇄되었고, 관련 기관들은 문을 닫았다. 용이 승리하는듯 보였다. 약 반 년이 지났다. 상황이 역전되었다. 용용 죽겠지."
1303942135150903301,2020-09-10 06:23:25+00:00,계시를 받았다. 예수 그리스도의 계시를. 계 10장에 약속한 사람으로부터. 하나님과 예수님과 천국과 또 마귀와 지옥과 또 인생에 대해서 환히 깨달았다. 계시의 가치가 참으로 크다. 캄캄했던 마음이 대낮이다. 이 기쁨을 뉘 알리요. 신천지 열 두 지파 만세다.
1303940695334375424,2020-09-10 06:17:42+00:00,"지구상에서 대한민국의 교육수준이 상위권이라는데, 새상 지식 많아도 마귀는 못 이기는구나. 전부 미혹을 받아서 신천지를 대적하니, 그 꼴이 가관이다. 어쩌면 거짓말을 그리도 잘 믿는지 신기하다. 나는 단 하나도 못 먹겠던데. 영적 식성이 아주 다른가보다."
1303939373902131200,2020-09-10 06:12:27+00:00,"천국과 지옥 얘기를 해온 지 몇 년인가? 지금 사람들은 이를 농담으로 여긴다. 그렇다면 얼마나 좋으랴. 하나 사실이다. 말로만 듣던 천국 신천지가 나타났으니, 이곳에 못온 사람은 지옥불로 가는 게 맞지 않나? 사람의 영은 소멸되지 않으니 이쪽이든 저쪽이든 가야 한다."
1303935300142415877,2020-09-10 05:56:16+00:00,신천지 전광훈 고발건은 세월아 네월아 하면서 질본 수사건은 전광석화내..역시 개검.
1303926493832122368,2020-09-10 05:21:16+00:00,"대전 방문판매업체  확진자가
지난 며칠 확진자 없었던 작은도시
아산에 3명을 감염시켰다.
대전 방문업체 확진자가 아산까지
가서 미팅도하고 식당도 다녔다.

신천지.방문판매. 정치기독교인ᆢ
참부지런히 돌아다니는 공동점이 있다."
1303926200910229504,2020-09-10 05:20:06+00:00,"하나님과 예수님과 천국과 영생이 보이지도 않고, 믿는 즉시 받는 것도 아니라. 신앙이 허황되게 보였으리라. 그러나 계시록을 이루고, 신천지를 창조하고, 영생불사의 몸을 가진 신인들의 출현으로 모든 말씀이 진실이었음이 증명되었도다. 할렐루야~"
1303925029093040129,2020-09-10 05:15:27+00:00,"신천지에서 견디지 못하고 뛰쳐나간 자들은 지금 뭘 하고 있을까? 적그리스도의 행위를 하는 자들도 있고, 세상에 파묻혀 사는 자들도 있다. 나갔을 당시에는 좋았겠지. 무거운 짐을 벗은 것 같이 홀가분했겠지. 하늘의 부름을 받은 사람이 자기 한 몸 생각해서 되겠나?"
1303912943386386434,2020-09-10 04:27:25+00:00,"대구에서도 신천지를 다니던 저소득층 간병업종사자들이 각 요양병원으로 퍼트려서 난리가 났음.

이번에도 똑같이 교회고 저소득층 간병 종사자가 거기라고 없을리 없음. 요양병원이든 대형병원이든 출입하는 간병보호 인력들 교회출석여부 조사해서 적극적으로 격리시키고 해야함"
1303906277790081028,2020-09-10 04:00:56+00:00,Rt 신천지가 마니하던거
1303902129849946113,2020-09-10 03:44:27+00:00,악! 에버랜드 할로윈 테마 바꼈어! ocn써치 랑 콜라보도 하나봐. 가고 싶어....... 가고  싶다....... 내가 못 가는건 다 신천지랑 종교 때문이야.
1303901510787497985,2020-09-10 03:42:00+00:00,호르가마을을 신천지에 비유하던 평들이 많던데 충분히 이해감. 그렇지만 난 공동체를 택하지않은 일반인들의 미침 수위가 새삼스레 더 와닿았다. 소유를 기반으로 한 사랑이라는 종교.
1303900549452972034,2020-09-10 03:38:10+00:00,신천지 사람과 세상 사람은 친구가 될 수 없다. 뜻이 통하지 않는데 어떻게 사귈 수가 있나? 배우자로 이방인을 선택한 자들은 대부분 신앙을 버렸다. 애초부터 불가능한 동거를 시작한 것이다. 그 사람들은 하나님의 경고와 성경 역사를 헛배웠다. 이길만한 믿음이 있는가?
1303890085335580672,2020-09-10 02:56:36+00:00,"#코로나19와집단감염 , #교회탓 , #대통령탓 , #사회불합치

초기 대한민국 코로나19 시작은 사이비 신천지가 포함된 
개신교에 교회모임이 우한 방문후 집단 감염 원인이였다 
그 뿐만 아니라 
해외 여행자들과 공무원도 해외연수나 특정 기업과 공무원 업무 도중 감염자도 생겨져 방역도 넓은 상황이"
1303887379632070656,2020-09-10 02:45:51+00:00,"방금누군가올린 신천지포교동영상을봤다.
그래서니들이 이단인것이야! 지들이 왜이단소리를 듣는지 아직도 모르더구만!
니들은144000숫자가실제수이며, 이만희는하늘에서직접하나님의 말씀을받아서내려온 약속의참목자라며,
성경말씀에다 신천지교리를 슬쩍올려놨더구만..
그래서니들이 이단인것이야!"
1336163620833529856,2020-12-08 04:20:06+00:00,요즘 코로나 때문에 헬스도 못하니 뱃살 다시 나오는 듯ㅠㅠ 그래서 식단 관리라도 하려고 단백질쉐이크 챙겨 먹고 있는데 이거 진짜 괜찮네요. 포만감이 오래가서 자기 전까지 안배고픔;; 물이랑도 잘 섞이고 맛도 존맛ㅋㅋ 지금 세일하니까 필요한 사람 ㄱㄱ
1303873705085345793,2020-09-10 01:51:30+00:00,신천지에 들어오는 과정부터 이미 각종 시험과 환난은 계속되었다. 이는 예외 없다. 이 모든 어려움을 이기고 하나님 앞에 당당히 서야 한다. 신천지에서의 신앙의 삶 전체가 환난이다. 못견디고 떨어져 나간 자들도 많다. 그러나 이긴자들도 있다. 이긴자들이 영생한다.
1303870683529658368,2020-09-10 01:39:30+00:00,"신천지 열 두 지파를 창조하시려고 6000년을 쉬지 않으시고 일하신 아버지의 노고, 저희도 일하면서 조금씩 느끼고 있습니다. 저희의 영력을 열 배나 더하여 주셔서, 아버지의 심정을 십분의 일이라도 느끼고 살아가도록 인도해 주시옵소서. 매순간 성령의 감화감동을 주소서."
1303837929970696193,2020-09-09 23:29:21+00:00,"자녀가 먹어야 할 떡을 개에게 주는 경우는 없습니다. 천국의 비밀은 아버지의 말씀이며, 예수님의 피입니다. 귀한 양식입니다. 오늘도 신천지 열 두 지파 자녀들의 배를 불리시고, 완전한 인으로 창조해 주시옵소서. 악한 세상은 악행 속에 죽더라도 저희는 영생할 것입니다."
1303834101489647616,2020-09-09 23:14:08+00:00,"광주광역시,안디옥.교회.모든행정,취소해주세요.시장님,저것들이.예수님.하나님.찾을,권리는.없습니다.당장.담임.목사.구속하시고.처벌해주세요,헌금.욕심
내서.예배본다.웃기는.마귀구나
너역시.전광훈과.한패거리.마귀집단교회.신천지랑.다를게.하나도.없다.신천지는.업드려.사과도.했다.똥개잡종."
1303826970032005120,2020-09-09 22:45:48+00:00,"신천지 열 두 지파의 아버지 하나님, 아버지의 지극하신 사랑과 은혜에 진심으로 감사합니다. 극악한 세상에서 악행들을 보면서 더 이상 살고 싶지 않습니다. 속히 용을 무저갱에 가두시고, 저희에게 천국과 영생을 상속해 주시옵소서. 아버지와 함께 낙원에서 살고 싶습니다."
1303815927364874242,2020-09-09 22:01:55+00:00,궁민일보 조용기신문 세계일보 문선명신문 둘다 개독신문. 맞나? 근데 하나는 이단이라 하던데. 둘단가. 신천지도 신문 하나 만들어야겠다.
1303813385612488704,2020-09-09 21:51:49+00:00,코로나 집단 테러에는 국가가 강경하게 대처해야 한다. 봐주는건 신천지와 제일사랑교회 두 번이면 충분하다. 반국가테러에 준하는 대응과 처벌을 해야 한다.
1303770035312238597,2020-09-09 18:59:33+00:00,(오늘 방금 지인한테 신천지 데이고 온 사람)
1303755504347299840,2020-09-09 18:01:49+00:00,"이만희 개새끼 신천지는 날 걸러라
●자동트●"
1303749684784054272,2020-09-09 17:38:42+00:00,"그런 날 보고 큰언니도 나한테
미안하다 괜히 내 꿈 이루겠다고 너 희생시키는거같아서
이런 말 하더라

알면닥쳐........................
그리고 나중에 절대 나한테 손벌리지마
큰언니 성격 딱 어디서 사기당하기 좋을 스타일임 신천지빠질라한거보면 답 나오지 뭐"
1303742187570565123,2020-09-09 17:08:54+00:00,뱅빅부터시작해서각종쩜오를거쳐경구까지덕질루트가소름끼치게일치해서맨날니신천지아니냐고고함지르던트친이잇는데지금나는중국왓고걔는엔셔티조아해인생참알다가도모르는거군아
1303742187100712960,2020-09-09 17:08:54+00:00,추석 대이동으로 코로나 다시 확산되면 신천지 기독교처럼 이놈의 지긋지긋한 명절과 차례 문화도 다 때려잡겠지? 제발 이 참에 명절도 다 없애. 애들이 학교도 못가고 집에서 안나간 지 보름이 다 되어가는데 무슨 명절이야!
1303720690470715397,2020-09-09 15:43:29+00:00,ㅅㅂ 신천지 이태원 전광훈 추종자 새기들 ㅠㅠㅠ 욱히 너희들 소리 듣는거 일년 이상 미룬 새기들 ㅠㅠㅠ
1303718423009009664,2020-09-09 15:34:28+00:00,음 신천지 후기 올리려고 했는데 화질 깨지네 .... 예 머... 암튼... 네.... 그분 신천지가 맞았다
1303708012733894656,2020-09-09 14:53:06+00:00,아 미친 쟤네들 신천지 찾으러간대 ㅋㄱㅋㅋㄱㄱㅋㄱㅋㄱㅋ 못 찍었다
1303694754119524357,2020-09-09 14:00:25+00:00,"대구놈이..서울에 와서 불안했다며 대구로 놀러 오라한다.
대가리가 나빠 기억을 못하는지
염통에 털이 나 기억을 지우는지
이새끼들이 신천지 소굴에 누굴 불러.."
1303676422859288581,2020-09-09 12:47:35+00:00,"김민웅한테 발리는 이종훈ㅋㅋㅋㅋㅋㅋㅋ
교회에서 확진자가 생각 보다 많이 안 나온대, 시발ㅋㅋㅋㅋㅋㅋㅋㅋㅋㅋㅋ
일부로 전체 싸잡지 말라→ 너 신천지가 코로나의 성지라고 개발릴때도 그런 얘기 했었니?"
1303673224496963586,2020-09-09 12:34:52+00:00,"신천지 터지다가 잠잠 해지니

5월에 이태원이랑 홍대에서 하나 터지고

잠잠 해지니 광화문 터지고

추가 확진자 수가 겨우 조금씩 꺾이고 있는데

곧 추석.. 이젠 유교와의 전쟁이네.."
1303669895565946881,2020-09-09 12:21:38+00:00,한강 가지마 . 가지 마 . 가지 마. 말라고. 갈 거면 전광훈이며 신천지 욕 도 하지 마. 그냥 살지 마.
1303650820907442177,2020-09-09 11:05:51+00:00,신천지-개신교-일련정종에 이어 이제는 유교냐....
1303647292637888513,2020-09-09 10:51:49+00:00,"이만희 (1931-09-15) 경상북도 청도 출생, 신천지교주
이만희 (1931-09-15) 경상북도 청도 출생, 신천지교주
이만희 (1931-09-15) 경상북도 청도 출생, 신천지교주"
1303647275155992577,2020-09-09 10:51:45+00:00,"대만에는 신천지도 없지, 보수기독교도 없지, 조선일보도 없지. 더구나 동성결혼도 법제화되었고 트랜스젠더 장관도 나왔고 조선일보가 없지. 특히 조선일보도 없지.
당연히 대만이 이기지.
(이거 좀 쓰다보니 랩같다.)"
1303647191542591488,2020-09-09 10:51:25+00:00,"이만희 (1931-09-15) 경상북도 청도 출생, 신천지교주
이만희 (1931-09-15) 경상북도 청도 출생, 신천지교주
이만희 (1931-09-15) 경상북도 청도 출생, 신천지교주"
1303647109166501889,2020-09-09 10:51:06+00:00,"이만희 (1931-09-15) 경상북도 청도 출생, 신천지교주
이만희 (1931-09-15) 경상북도 청도 출생, 신천지교주
이만희 (1931-09-15) 경상북도 청도 출생, 신천지교주"
1303647023711748096,2020-09-09 10:50:45+00:00,"이만희 (1931-09-15) 경상북도 청도 출생, 신천지교주"
1303644270717329409,2020-09-09 10:39:49+00:00,"넘조타
신천지 기독 유교와의 전쟁
코리아에 남는것은 무엇인가!!"
1303643858991947776,2020-09-09 10:38:11+00:00,대만과 한국의 방역실태를 비교하던데 대만엔 신천지도 없고 개독쓰레기들도 없고 언론 기레기들도 없다 그것들 싹빼면 우리도 확진자 확 준다 60~70%가 신천지요 개독들이다 망할것들임
1303639195735400448,2020-09-09 10:19:39+00:00,"신천지와 청지기교육원의 영적 전쟁에서 신천지가 승리했다. 신천지는 남아 있고, 청지기교육원은 없어졌다. 신천지와 한국기독교총연합회의 영적 전쟁에서도 신천지가 승리했다. 신천지는 건재하고, 한기총은 마치 다 쓰러져가는  낡은 집처럼 껍데기만 남았다. 보라."
1303631556448190465,2020-09-09 09:49:18+00:00,"신천지 열 두 지파가 사실이면, 계시록이 사실이고, 계시록이 사실이면 창세기부터 모든 성경이 사실이다. 이유는 다 연관이 있기 때문이다. 성경 66권은 한 몸과 같다. 서로 별개의 책이 아니다. 깨달은 자들은 인정하리라. 천국과 영생이여, 어서 오라. 할렐루야~"
1303622865871187970,2020-09-09 09:14:46+00:00,근데 일본사람들 진짜 영국 조아하는거 같더라 일본어모임에서 일본 살다온 쌤이랑 영국얘기해서 조앗는데..알고보니 신천지였지만(먼산)...우리 홍차도 마시러가기로 햇잔아요 얻덕게 이럴수잇서
1303620140651536384,2020-09-09 09:03:56+00:00,"암만 생각해도 대규모 확진이

신천지 -&gt; (일부) 개신교 -&gt; 유교
이순으로 될것 같다"
1303614945964163072,2020-09-09 08:43:17+00:00,"저정도면 신천지, 전팡훈 교회랑 다를게뭐야"
1303613324462940161,2020-09-09 08:36:51+00:00,신천지는 지금까지 모든 것들은 터놓고 정정당당히 전도활동을 했다. 그리고 평화운동을 했다. 성경을 가르침도 떳떳히 했다. 그런데 무슨 도주우려나 증거인멸의 위험성이 있단 말인가? 검찰과 판사의 판결이 코미디다. 요즘 검사와 판사와 공무원들을 누가 믿나?
1303604275373694977,2020-09-09 08:00:53+00:00,만약 방역협조 차원에서 제출한 신천지 성도의 개인정보를 악용하는 자들이 있다면 천벌을 받을 것이다. 이는 이 나라의 법을 어긴 것과 아울러 하늘의 법도 어긴 것이다. 누구를 막론하고 그 목숨을 거둬갈 것으로 본다. 자업자득이다. 전혀 불쌍하지 않다. 죄 짓지 말라.
1303602601875787778,2020-09-09 07:54:14+00:00,신천지-기독교-유교.
1303601051338063872,2020-09-09 07:48:05+00:00,"신천지, 기독교랑 싸우고 나니 유교랑 싸워야 된다는 말 웃기고 슬프네."
1303599747496722432,2020-09-09 07:42:54+00:00,"추석 연휴에 돈쓰라고 난리라니, 개천절 집회만큼이나 해로운 벌레다. 해충도 저런 해충이 없다. 그걸 대통령감이라고 댓글달아주는 벌레들은 신천지보다 멍청하고 나쁜 놈들이다. 이만희는 미안하다고 절이라도 했지. 저놈은 아직도 자기가 잘하고 있대."
1303599440578535424,2020-09-09 07:41:40+00:00,"죽은 자는 죽은 자들로 장사하게 너는 나를 따라 복음을 전파하라는 말씀이 있다. 하나님의 예언을 이루는 일보다 더 중요한 것은 없다. 코로나로 가장 많은 피해를 입은 곳은 신천지이다. 인적, 물적 피해액은 산정할 수 없다. 그보다 더한 피해는 복음전파를 제약 받음이다."
1303590829567569920,2020-09-09 07:07:27+00:00,"절대 아무에게도 말하지
마세요!

대전순복음교회 발 코로나
확산을 살펴보면 아주 찐한
신천지 냄새가 납니다.

코로나19에 걸렸다고 교인이 고백하자, 대전순복음교회 목사는 절대 아무에게도 말해선
안된다고 말했다고 합니다.

왜 목사는 말하지 말라고 했을까요?"
1303588220899188743,2020-09-09 06:57:06+00:00,"예수님의 피로 세운 새 언약 계시록은 마지막 언약이다. 이 언약을 이룸으로 죄인을 구원하는 일은 끝난다. 신천지로 오는 사람은 천국에서 영생할 것이며, 오지 않는 사람은 유황불못에서 영벌을 받을 것이다. 다른 말들은 필요 없다. 세상이여, 심사숙고하기 바란다."
1303587267131240448,2020-09-09 06:53:18+00:00,"갑자기 검은 구름이 일더니 비가 내렸다. 그리고 잠시 후에 그쳤다. 지나가는 쏘낙비였다. 태풍도 지나가고, 쏘낙비도 지나가고, 대환난도 지나간다. 그러나 신천지는 창조되었다가 사라지지 않는다. 신천지는 영원하다. 고로 신천지인도 영원하다. 할렐루야~"
1303586141413625857,2020-09-09 06:48:50+00:00,"하나님은 사람이 볌죄하기 이전에도, 이후에도 오직 사랑과 은혜만을 베푸셨다. 그런데 사람은 항상 그 사랑과 은헤를 원수로 갚았다. 이는 마귀 새끼이기 때문이다. 예수 교회라고 다르지 않다. 신천지를 대적함은 마귀 새끼이기 때문이다. 유황불못이 답이다."
1303585009933017089,2020-09-09 06:44:20+00:00,"진짜 코로나19 국면에서
나라의 적폐들 하나하나 보스로 등장하는거 너무...ㅋㅋㅋㅋㅋㅋㅋ

신천지
유흥문화
기독교

이제 다음은 유교다!!!!"
1303577860490182659,2020-09-09 06:15:55+00:00,전 신도가 좋아요 근데 신도 치면 신천지 신도 나옴 신천지가 우리애보다 메이저임 ㅅㅂ....
1303561118888067072,2020-09-09 05:09:24+00:00,신천지나 개독이나.
1303556497457070081,2020-09-09 04:51:02+00:00,흠... 추매 아들 변호사 현근택이가 조국사태때 미친듯이 조작선동구호로 방송에 나와 떠벌리던 그 눔이었네.. 거짓말도 범죄도 괜챦다는 신천지의 모략전술이 좌파들에겐 목적을 위해 수단을 가리지 않는 다는 것과 일맥상통해보인다..
1303551119805702144,2020-09-09 04:29:40+00:00,"관심이 없거나 잘 모르면 그렇다고 말하면 되는데 아는척하고 피상적으로 위선떠는게 싫음
ex) 신천지 교회 욕하고 단체로 놀러다니기, 정치 모르면서 남 따라 욕하기, '좋아보이는' 의견이나 정책 지지하기"
1303550312708333569,2020-09-09 04:26:28+00:00,유주님은 진짜 랍님만의 신천지로 오해받으셔도 할말x
1303550029513121795,2020-09-09 04:25:20+00:00,아루님이 신천지??????? 멀어지자
1303540176002588672,2020-09-09 03:46:11+00:00,"의사 커뮤니티의 대다수가 일베정서를 공유하고 있다는 것은 동의하지만, 디씨나 루리웹 등에서 의베 운운하는 거 보면 그저 웃음만. 마치 신천지 사태 터졌을때 신천지까는 개신교 보는 느낌."
1303534352349802496,2020-09-09 03:23:02+00:00,정세균이 정치 경력 내내 애매한 중도 포지션으로 욕도 많이 먹었지만 실력은 확실함. 신천지 터지는 시점에 총리가 되었는데 대구 시장이 두 손도 들고 포기한 것도 굉장히 빠르게 수습하고 이후 계속해서 안정적으로 관리한게 아무나 할 수 없는 일
1303534324935872512,2020-09-09 03:22:56+00:00,예수교 목사들과 신부들이 귀신들이다. 계시록은 이 사실을 증거한 예언이다. 이유는 간단하다. 신약대로 창조한 신천지 열 두 지파를 해하기 때문이다. 무슨 이유가 더 필요한가? 아무런 이유 없이 하나님의 나라와 성도를 해하는 자들이 귀신이 아니면 무엇이리요.
1303532714297946112,2020-09-09 03:16:32+00:00,"신천지를 핍박했던 개신교 목사들과 천주교 신부들과 기독교 관련 단체들과 공무원들과 기타 여러 사람들은 이제 부끄러워서 못살 것이다. 그러게 누가 그런 짓을 하라고 했나? 자신이 악해서 한 일이니, 무슨 변명이 통하랴. 악도 행한 만큼 벌을 받는 법이니라."
1303529229284290566,2020-09-09 03:02:41+00:00,"용과 음녀들의 음행의 포도주에 취해서 귀신의 처소 바벨론이 되어버린 예수교회에서, 천사의 낫에 추수된 알곡들로 이룬 신천지 열 두 지파의 아버지 하나님, 정오입니다. 사랑하는 자녀들의 영과 육을 강건하게 하시고, 속히 천국과 영생을 상속해 주시옵소서. 감사합니다."
1303525242996834306,2020-09-09 02:46:50+00:00,아지금 암팀트리 솔깃? 한마디 하니깐 여러분이 동시에 말씀하셔서 약간 팀으로 작업하는 신천지 같구 그렇네요 ㅋㅋ
1303521285469732866,2020-09-09 02:31:07+00:00,"RT
신천지는 방역 당국이 모르고 있다가 그 31번 환자 때문에 뒤늦게 알게 돼서 초동대처가 엄청 늦어졌던 경우고, 이번 광복절 집회는 신천지의 선례가 있었고, 집회 자체가 확실히 눈에 띄었기때문에 방역당국이 초동대처하고 바로 거리두기 단계 올리는 게 가능했던 큰 차이점이 있음."
1303470488400740352,2020-09-08 23:09:16+00:00,MBTI 그거 신천지 포교할때 검사하는거아니냐?
1303463845206188032,2020-09-08 22:42:52+00:00,대구시 신천지 코로나 때문에 터졌을때 초창기라 그런걸수도 있지만 진짜 사람들 하나같이 방역 지켰는데 서울시 요즘 하는꼴 보면 미친놈들 집단같음
1303462830511804416,2020-09-08 22:38:50+00:00,"계시록의 예언의 말씀대로, 예언의 순리에 따라 창조된 신천지 열 두 지파의 아버지 하나님, 아버지의 지극하신 사랑과 은혜를 진심으로 감사합니다. 천국과 영생의 소망이 충만한 하루의 삶이 되도록 인도해 주시옵소서. 몸은 비록 땅의 일을 하나 마음만은 하늘에 있습니다."
1303460144827768832,2020-09-08 22:28:10+00:00,"신천지 예수교 증거장막 성전은 1984년에 창립했다. 그런데 이는 이미 수천 년 전부터 예언한대로 이룬 것이다. 이를 훼방하는 자들의 정체는 무엇인가? 용과 그의 무리이다. 이들이 아니라면 이 좋은 일을 누가 훼방하겠는가? 에이, 천하에 나쁜 놈들 같으니라구."
1303417013662957568,2020-09-08 19:36:47+00:00,"총체적으로 방역에 실패한 정부는 놔두고 무조건 ‘전광훈 씨발놈‘ , ‘신천지 아웃’만을 외치는 쪼다 나부랭이들하곤 말을 섞지 말아야 한다. #K방역의_허상 #K방역_국뽕론으로_지난_총선에서_재미를_톡톡히_본_문재인_패거리 #이런_무리를_지지하는_개돼지들"
1303367350368886786,2020-09-08 16:19:26+00:00,"코로나 진행상황 보면 이번주 하루 100명 이하로 낮추는건 물건너가는 것 같고 설사 그렇다고 해도 섣불리 2.5단계 풀기도 애매.

아마도 추석전까지 서서히 줄어드는 추세로가면서 봉쇄가 지속되지않을까 싶다.

결과적으로 광화문집회는 신천지 이상 역할을 하고 있는 것 같음"
1303336689855651840,2020-09-08 14:17:36+00:00,신천지도 이거보단 공들이겠다!
1303335996163895301,2020-09-08 14:14:50+00:00,엄마한테 탐폰 얘기했다가 신천지 얘기까지 들음..
1303327534654713856,2020-09-08 13:41:13+00:00,용복이 미워하면 신천지 악마의 계락에 빠진 미친놈
1303325339322445827,2020-09-08 13:32:30+00:00,ㅆㅂ 교회는 집 방문 전도 안 한다 집방문 전도는 다 신천지라고!!!!ㅠㅠㅠㅠㅠㅆㅂ
1303325172733108224,2020-09-08 13:31:50+00:00,아니면 나... 신천지신도들이랑 많이 싸워서 그런건가? 나 잡구 체블돌린거아니냐며
1303320011495231495,2020-09-08 13:11:19+00:00,"신천지 클럽으로벚꽃도못봐 교회로바다도못가 
이제 한강이랑 집회로 단풍도 못보게할거야?"
1303314063124959232,2020-09-08 12:47:41+00:00,"djdoc가 후배 자적자를 안했더라면
비련이 단 한번이라고 1위를 했었더라면
구피 메보가 극우일베 신천지땜에 헤까닥돌아버리진않았을텐데....

~구피 shock를 들으며~"
1303304697906823168,2020-09-08 12:10:28+00:00,"예수님의 피로 세운 새 언약대로 창조한 신천지 열 두 지파의 아버지 하나님, 오늘도 해는 넘어가고 밤이 되었습니다. 해외에는 코로나 바이러스 전염병이 더욱 창궐함을 듣고 있습니다. 해외에 있는 사랑하는 자녀들의 영과 육을 강건하게 해 주시옵소서."
1303303334036557826,2020-09-08 12:05:03+00:00,"극우가 되는 이유는 무지하거나 이기적이거나. 신천지, 사랑의 교회 신도들은 지독히 무지해서이고, 의사들이 극우가 되는 이유는 지독히 이기적이라서"
1303300548821573632,2020-09-08 11:53:59+00:00,"@@:나랑같은컾파주는트친?그런거 잘없음...신천지임...

저만애 신천즤가 되어주실분
참 로맨틱하네요"
1303297803456638976,2020-09-08 11:43:05+00:00,"대량으로 혈장공여에 힘을 보태주신 신천지 집단발병 완치자 여러분과 적십자, 대구시 등에 감사드립니다. ㅠㅠ 있어라 효과. 있겠지 면역글로불린에 정제과정까지 거쳤으니….잘 되면 좋겠다 제발.. 그리고 더이상 대량 발생 집단감염 안 생기기를.. 그래야 내년에 백신 접종 어떻게 하게 되지 않겠어"
1303296548202110976,2020-09-08 11:38:05+00:00,"입버릇처럼 말한다. 선은 악을 이긴다, 정의는 불의를 이긴다. 가만히 놀고 있어도 이기는가? 정의 편에 서서 불의와 싸워서 이겨야 정의가 이기는 것이다. 신천지를 보라. 이렇게 정의 편에 서서 싸워야 정의로운 세상이 이루어진다. 선하고, 정의로운 세상을 원하는가?"
1303294485548265472,2020-09-08 11:29:54+00:00,아 그치만 여러분 생각해보세요 갑자기 얼굴이 아주 반반하고 예쁨과 미모를 다한 애가 내 애인이라고 하면 누가 믿음? 신천지의 새로운 수법인가 라고 생각할듯
1303286426398724098,2020-09-08 10:57:52+00:00,대전 확진자들 신천지 아니면 기독교 아니면 다단계임.
1303280052491005952,2020-09-08 10:32:32+00:00,무슨 혈장 검색하면 신천지 인증밖에 안 나와
1303268429495848960,2020-09-08 09:46:21+00:00,"현 세상에서 참 하나님을 아는 사람들은 신천지 교회 성도들뿐이다. 그 나머지는 전혀 모른다. 참 하나님을 알면 어떻게 되고, 모르면 어떻게 될까? 우리는 이 차이를 나무나 잘 알고 있다. 진리를 아는 일은 절대로 미룰 수도 없고, 양보할 수도 없다. 진리가 돼야 한다."
1303267449492525061,2020-09-08 09:42:28+00:00,강민희진ㅋ자잫생겼다.. 죽을 때까지 민희조아하고 지치는쪽은 신천지가되는걸로..하자
1303264063602868224,2020-09-08 09:29:00+00:00,신천지를 왜믿냐 하나님 영접하고싶으면 당장 필라테스나 해라
1303249058576781313,2020-09-08 08:29:23+00:00,"신천지 창궐시절 접점도 없는데 날 너무 좋아해주는 멀쩡한 삐약이가 신천지가 아닌가 한 때 의심했던적이 있는데, 지금보니 전혀 멀쩡하지 않고 이불 속에서 유튜브만 죙일 보는거 보면 그냥 베개로 얼굴 누르고 싶고 신천지한테 미안할지경ㅋㅋㅋㅋㅋㅋㅋㅋㅋㅋㅋㅋㅋㅋ"
1303242239934517248,2020-09-08 08:02:17+00:00,"갑자기 열받네... 코로롱도 신천지도 ... 
내 김해 내놔 이것드라!! ㅠㅠ"
1303238479816478720,2020-09-08 07:47:21+00:00,"몰리: 애니 너 왜 나한테 잘해주고 맨날 맛있는거도 갖다주고 그래? 너 내가 생각하는게 맞아?
애니: 응 언니가 생각하는게 맞아요.
몰리: 너 신천지야??
애니: 언니를 좋아... 뭐?????
몰리: 뭐?????"
1303217496749608960,2020-09-08 06:23:58+00:00,근데 진짜 이번 전광훈 집회나 특수케이스지 솔직히 신천지나 이태원 클럽 건만 해도 다른 교회나 클럽에 사람들 많이 모였어도 암일 없었고 거기만 재수없게 걸린거자나 걍 복불복임 저러다 한강공원에서 전파됐단 소식 들려야 그때서나 안가겠지 머
1303216796334350336,2020-09-08 06:21:11+00:00,맞춤지원이 맞다. 1차때 전국민 재단지원금을 줄때와 지금 상황이 다르다. 그때는 사실 대구빼고 이동이 지금보다 자유로웠고 신천지 위기를 벗어나 경제가 막 꿈틀거리려고 하던 시점이라서 전국민지원으로 경기부양이 필요했다.
1303211914135105536,2020-09-08 06:01:47+00:00,전도 시키는 신천지의 마음이 이런걸까 재미가 꽤 쏠쏠하네 나중에 찐신천지 되면 연 끊지마 알겠지 간만 볼게
1303208470380818433,2020-09-08 05:48:06+00:00,"상업용 항체 치료제면 혈청치료제가 어떻게 잘 되긴 했나보다 ㅠㅠㅠ. 신천지 환자 여러분들께서 혈장공여를 해주신 덕분이라고 생각함…. 진짜 감염병 시대에는 누군가를 미워해서는 안된다… 다 피해자고, 그 피해자들이 서로를 도울수 있으니까.."
1303202052844056576,2020-09-08 05:22:36+00:00,신천지랑 사랑제일교회에 빨리 벌금 뜯고 그걸로 재난지원금 줬으면
1303192513365172224,2020-09-08 04:44:41+00:00,"[#24현문현답]
#故이병철 회장님의 #현문19
""천주교와 공산주의는 상극이라고 하는데, 천주교도가 많은 나라들이 왜 공산국이 되었나?""
(예 : 폴란드 등 동구 제국, 니카라구아 등)

9월 8일(화) 19번째 현답을 통해
그 답을 꼭 확인해보세요.
#뉴노멀 #포스트코로나 #알쓸문답 #비대면
#신천지"
1303188528025595904,2020-09-08 04:28:51+00:00,"신천지 다대오 지파가 고난이 많다. 예전에 열 둘 중에 한 지파장이 배도할 때 지파가 거덜나다시피 했는데, 불굴의 의지로 다시 일어섰다. 글고 이번에도 많은 핍박 속에서도 큰 일을 했다. 돈만 있다면 전부 보약이라도 지어주고 싶은 심정이다. 아버지께서 보살펴 주시리라."
1303185512677535744,2020-09-08 04:16:52+00:00,신천지 열 두 지파 성도에게 아버지 하나님과 예수님과 천국이 오시는 것은 기정사실이다. 신약대로 창조했기 때문에 그렇다. 신천지로 추수되어 온 우리는 한량 없이 기쁘다. 드디어 말로만 듣던 천국과 영생의 소망이 이루어진다. 할렐루야♬♪♩~
1303181860982255616,2020-09-08 04:02:22+00:00,범죄자 아담 안에서 인류는 죽었다. 그러나 하나님이 세상을 사랑하사 예수님 안에서 살리셨다. 계시록의 예언이 성취되는 오늘날에 예수님 안에 있는 자들은 누구인가? 승리자 신천지 열 두 지파이다. 이들만이 산 자이다. 산 자만 삶의 의미가 있다. 할렐루야~
1303172316696731649,2020-09-08 03:24:26+00:00,키메가진짜위험한새끼야조심해야대 신천지임진심
1303171309170356225,2020-09-08 03:20:26+00:00,울 론진에게 나쁘게 굴면 일베사이비신천지 이다.
1303167199952080897,2020-09-08 03:04:06+00:00,ㅋㅋㅋㅋㅋㅋㅋ오후 두시쎈뎈ㅋㅋㅋㅋㅋ아니근대 이시국에 한강에 마스크도 안끼고 왜가냐고 니들이 신천지고 사랑교회다
1303163099650891776,2020-09-08 02:47:49+00:00,"하여튼 대만은 진작에 자국민도 못들어오게 막아서 검사 많이 할 필요도 없는거고 한국은 신천지, 클럽충, 교회는 다 핑계고 아무튼 정부가 다 잘못한겁니다 (웃음)"
1303152243806527488,2020-09-08 02:04:40+00:00,:)... 내 무력함을 느낄때.... 신천지 집에 갇혀서 나날이 정신적 고통을 느낄때... 고작 하는거라곤 정신과 가서 주섬주섬 20분 상담하고 나오기...
1303151881007640577,2020-09-08 02:03:14+00:00,내가 어케 구원해요 나 2n년 기독걸이지만 그들은 30년 된 신천지 교인들임
1303151553944137730,2020-09-08 02:01:56+00:00,"미국은... 외로움 친구도 없고 시차가 너무 크니까
한국은 친구 많고 다 좋은데 코로나 땜에 나가지도 못하고 신천지에 갇혀서 설교 존나 듣고 앉아야댐 이만희씨발놈 욕 갈기고 집ㅇ 나와서 피방가기가 일상이었은데 피방도 닫앗음 ㄹㅇ 난 희망없엇어 한국이었으먼"
1303151219607707648,2020-09-08 02:00:36+00:00,"이만희 개새끼 신천지는 날 걸러라
●자동트●"
1336163620833529856,2020-12-08 04:20:06+00:00,요즘 코로나 때문에 헬스도 못하니 뱃살 다시 나오는 듯ㅠㅠ 그래서 식단 관리라도 하려고 단백질쉐이크 챙겨 먹고 있는데 이거 진짜 괜찮네요. 포만감이 오래가서 자기 전까지 안배고픔;; 물이랑도 잘 섞이고 맛도 존맛ㅋㅋ 지금 세일하니까 필요한 사람 ㄱㄱ
1303150827981484034,2020-09-08 01:59:03+00:00,"아무래도 비대면인게 공황이랑 불안장애에 큰 도움 됐음,,, 물론 본가가 좆같지만... 생활비 없는걸로 불안에 안떨어도 되고... 물론 스트레스는 2배임 한국이었으면? 그 신천지 집안에 이미 홧병 나서 죽었을듯"
1303149891426766848,2020-09-08 01:55:20+00:00,"천안시 208번 확진자가 발생

인구 70만 소도시에서
충남 확진자 384명 중 절반이 넘는다

8월 14일 115번 확진자 이후로 지금까지 
94명 발생

대구 신천지 한참일 때 
특이하게 JMS 줌바댄스강사로 100명 가까이 발생하더니
(그땐 제2의 대구 라고도 했음 ㅠㅠ)

그나마 천안의료원이 있어서 다행"
1303114864311676928,2020-09-07 23:36:09+00:00,"[#24현문현답]
#故이병철 회장님의 #현문19

천주교와 공산주의와 뭔가
통하는 부분이 있던 것일까요?

천주교인들이
국가에 미치는 영향력이
부족했던 것일까요?

#뉴노멀 #포스트코로나 #알쓸문답 #비대면
#신천지 #예수교회 #이만희 #총회장님 #알려주세요
#이병철 #회장님의 #솔직한질문 #현문현답"
1303103562927337475,2020-09-07 22:51:14+00:00,"사랑하는 신천지의 하나님, 신천지 대구교회 자녀들이 신천지를 빛내고 있습니다. 그들의 영과 육을 강건, 강건하게 해 주십시요. 더욱 지혜와 명철과 용기와 사랑으로 충만케 하시고, 천국과 영생으로 갚아주시옵소서. 저희는 오직 기도할 뿐입니다."
1303094937999736832,2020-09-07 22:16:58+00:00,"새하늘과 새땅 곧 신천지는 성경 역사와 예언을 보면, 반드시 처음하늘과 처음땅 곧 천지에서 나왔고, 나오게 되어 있다. 현재의 신천지 열 두 지파도  흑암한, 타락한 전통교회에서 나왔으니, 성경대로이다. 누가 부정하리요? 이곳이 하나님이 영원히 안식할 천국이니라."
1303094476089376768,2020-09-07 22:15:08+00:00,광화문집회악질은 신천지악질보다 더 사악하다.
1303092337430523904,2020-09-07 22:06:38+00:00,"신천지 열 두 지파가 왜 하나님이 창조하신 새 일인가? 성령으로 잉태한 예수님의 출생이 새 일의 시작이었다. 그 피로 죄익의 죄를 사하고, 그 심전에 하나님의 씨를 뿌렸으니 새 일이요, 그 씨로 된 열매를 거둬서 영생의 나라 천국을 창조했으니 새 일의 완성이다."
1303090965821882368,2020-09-07 22:01:11+00:00,에어컨 바람보다도 천만 배나 시원하고 청정한 바람이 분다. 인간이 만든 것과 하나님이 만든 것과는 비교가 안 된다. 가을이 가기 전에 이같은 바람이 신천지 성도들의 마음에 볼어오기를 기대한다. 그래서 답답한 마음을 시원하게 해주었으면 좋겠다. 그리될 것으로 믿는다.
1303087244836626433,2020-09-07 21:46:24+00:00,"아버지 하나님, 못나고 못난 죄인들을 구원해 주시려고 신천지를 창조해 주셨습니다. 그 중에 저희들을 먼저 구원해 주셔서 감사합니다. 새상은 이 와중에도 서로 물고 뜯고 있으며, 전쟁을 하고 있으며, 각종 범죄 사건이 끊이질 않습니다. 온전한 자가 하나도 없습니다."
1303086022595543041,2020-09-07 21:41:32+00:00,"사랑하는 신천지 열 두 지파의 아버지 하나님, 오늘도 빛된 행실로 아버지의 양광을 드러낼 수 있도록 각인의 마음을 주관하시고 인도해 주십시요. 꼭 계시 말씀이 아니어도 세상 사람의 눈높이에 맞는 빛된 행실은 많사옵니다. 영원히 영광 받으옵소서."
1303075853815828480,2020-09-07 21:01:08+00:00,개인적인 생각으로 강북구 번동 오현로...이부진 이재용 김용 반기문 김양건 리설주김윤옥이명박 건설사 한나라당 삼성산 성심원 여의도순복음 음성꽃동네 신천지 조계사 명동성당 종교계 안  호텔 부대들
1303063031828688899,2020-09-07 20:10:11+00:00,룸메한에 말했더니 명함이라도 받아오지 그랬냐고 하는데 그때는 뭐야 프렌치 신천지인가 싶어서 도망쳐야겠다는 생각 뿐이었음
1303016068554743809,2020-09-07 17:03:34+00:00,? 캠퍼스에 웬 한인 교회 전도 중이라길래 가봤더니 교회도 아니고 바이블 스터디라네;;;; 신천지 느낌 확 남
1303014024355823616,2020-09-07 16:55:26+00:00,"앨언히.. 이거 대체 뭐햐?
거대한 신천지야?"
1302997327657930752,2020-09-07 15:49:06+00:00,아니 씨발 ㅋㅋㅋㅋㅋㅋㅋㅋㅋㅋ 한강 간 새끼들도 신천지랑 집회랑 다 욕했겠지? 그래놓고 뻔뻔하게 씹새끼들이
1302994420447363077,2020-09-07 15:37:32+00:00,"아까보니까 대만은 사회적거리두기 끝나서 페스티벌도 열고 하도라,, 신천지 이 지옥에 떨어질 사람들아"
1302975472855179272,2020-09-07 14:22:15+00:00,신천지라는 소문이 있는 더불당 패널 변호사얼라 하는 말이 그 보좌관이 하도 오래 추미애 수하에서 일해서 그 아이도 어렸을 적부터 알고 막 그래서 일일이 그냥 알아서 해준거처럼 말하던데.. 딱 최순실정유라 모습이네요.. 내로남불
1302972549375037440,2020-09-07 14:10:38+00:00,"남자친구 처음 만나던 날,  약속시간보다 20분정도 빨리 도착해서 스타벅스에서 커피 한잔 시켜놓고 있다가 친구가 와서 이런저런 이야기를 하고 있는데, 스타벅스 5미터쯤 앞에서 어떤 남자가 신천지한테 잡혀서 뭐라뭐라 이야기를 하더니 살짝 고개를 숙이고 인사를 하며 정중하게 거절하고 돌아서는"
1302966893792247811,2020-09-07 13:48:10+00:00,"2020 말 안통하는 집단 순위
1.
2.전광훈과 신도들
3.태극기
4.신천지"
1302964241213747201,2020-09-07 13:37:37+00:00,"신천지 알림이 어플을 삭제했다.
이제 개독 알림이 어플이 필요하다"
1302964223832539142,2020-09-07 13:37:33+00:00,승석충은 신천지가 아니노 그것이 알고싶다 PD수첩이시긔윤
1302955635949010944,2020-09-07 13:03:26+00:00,뭐지 누구 신천지 거짓정보 트윗된거 알티햇는데
1302954456179339264,2020-09-07 12:58:44+00:00,"막상 클저랑 지금 상황이랑 겹치니까 갑자기 화남

차원종-콝옭낡 바이러스
유니온-사랑제일교회
프로비던스-신천지
클로저-의료진

나딕 사실 앞을 내다봤다"
1302947296103993350,2020-09-07 12:30:17+00:00,"신천지의 그 대가리 허연 넘
사탄제일 그 대가리 허연 넘
경기도의 그 대가리 허연 넘
나라에 해만 끼치는 족속들"
1302933979331358720,2020-09-07 11:37:22+00:00,"나 초딩때부터 취업하고 싶었는데 코로나때문에 대학 가야될지 계속 고민중이야..해외도 코로나 때문에 못 갔는데 신천지,사랑교회,한강미친ㄱ인간들 때문에"
1302933726020526081,2020-09-07 11:36:22+00:00,"리) 약간만 삐딱하게 생각해보면...

1.'이단'이라 낙인 찍혔던 신천지는 비록 초반에 온갖 만행으로 코로나 19  정국의 공공의 적이 되었지만, 이후 적극 협력해서 신천지 신도들의 코로나19 샘플도 다량으로 확보하게 되어 신약 개발에 그래도 일조 했다고 생각."
1302929013988442112,2020-09-07 11:17:38+00:00,"ㅈㅣ민이욕하면느금마신천지뭐어쩌라고요
싸패면이정도는해야하는듯"
1302924908494647297,2020-09-07 11:01:20+00:00,저기 한강 간 사람들도 신천지랑 사랑제일교회 욕했겠지??
1302917275234623489,2020-09-07 10:31:00+00:00,신천지는 꺼져라
1302910601606258688,2020-09-07 10:04:28+00:00,@: 신천지랑 뭐가 다름 내가 이상한건가?
1302882797569191936,2020-09-07 08:13:59+00:00,"세상 사람은 '사랑은 없어지고 미움만 남았다, 악만 남았다.'고들 한다. 인생이 험악하니 이런 열매를 맺음도 이해는 간다. 그러나 신천지인은 세상보다 더한 고통과 핍박을 받고도, 미움은 온 데 간 데 없고 사랑만 남았다. 왜 이렇게 다를까? 어린 양의 피가 흐르기 때문이다."
1302881883076702208,2020-09-07 08:10:21+00:00,음.. 근데 잘 모르는 사람이 저 님 후배인듯요 ㅎㅎ 하면 개수상할듯 혹시 신천지니?
1302881085148164096,2020-09-07 08:07:11+00:00,"십 사만 사천명을 인친 후에 신천지로 나아오는 자들은 전부 신천지를 직,간접적으로 핍박했던 자들이다. 그럼에도 하나님과 예수님은 인자하셔서 이들의 죄를 용서해 주시고, 천국백성으로 받아주신다. 누구든지 목마르거든 값 없이 생명수를 마셔라. 할렐루야~"
1302880041307521024,2020-09-07 08:03:02+00:00,"신천지는 반국가단체이며, 반사회단체라고 마귀들이 맹공을 했다. 그런데 지금 신천지의 훈훈한 선행으로 그 말이 불에 활활 타고 있다. 그 말을 했던 마귀들과 그 자녀들의 영이 숯이 되고 있을 것이다. 행한대로 받는 것이다. 부디 회개하고 살 길을 찾으라."
1302876624572956673,2020-09-07 07:49:28+00:00,"바람이 나무를 흔든다. 계 7장 9절의 이 일 후의 바람은 땅과 바다와 각종 나무에 분다. 그렇다면 지금 각종 선악과 나무들이 흔들리고 있을 것이다. 그곳에 달려있던 열매들이 우수수 떨어지겠지. 요즘 전통교회가 신천지보다 못하다는 말을 듣고 있으니, 휘청휘청하는 거다."
1302872100995096576,2020-09-07 07:31:29+00:00,ㅇㅍㅅ 딱히 하지는 않지만 한다고 싫어하진 않았는데...신고다니다보면 저 ㅎㅁ판은 진짜 욕나옴. 싹 다 쓰레기통에 넣고싶음.  단체로 망상에 빠져 있는 태극기부대나 신천지같아. 저 팔로워 숫자들이  소름~.
1302866665160335360,2020-09-07 07:09:53+00:00,"우리도 신천지, 춤천지, 개독 없었으면 저렇게 가능했을까..?"
1302865441497391106,2020-09-07 07:05:01+00:00,"■ 착시현상

사랑제일교회 때문에 신천지가 이성적으로 보이고...

전공의와 의대생 때문에 최대집이 이성적으로 보이넹 ㅋㅋㅋ"
1302863704535363584,2020-09-07 06:58:07+00:00,신천지로 코로나 많이 퍼질때 식당들은 휑하고 술 파는 곳은 바글바글 했던거 생각나는데 요즘은 어떠려나.
1302860550674636800,2020-09-07 06:45:35+00:00,우리도 처음 신천지만 안터졋어도 저정도 가능햇을건ㄷ..
1302856826006851585,2020-09-07 06:30:47+00:00,"우리도 신천지에서 하지말라고 할때 안했음 저랬을껄..
근데 2차도 터졌지..하지말라면 좀 하지마라.."
1302853637530509312,2020-09-07 06:18:07+00:00,"참담하죠....신천지 이후에 그래도 일어나고 있던걸 아예 더 강하게 짓밟아버렸으니....,시발....."
1302850358759186432,2020-09-07 06:05:05+00:00,ㅋ...ㅋㅋㅋ....진짜 답답하네요......그래도 신천지 이후 상황이 많이 나아져서 하반기는 기대해도 되지 않을까 했는데.....
1302849342097694721,2020-09-07 06:01:03+00:00,"이만희 개새끼 신천지는 날 걸러라
●자동트●"
1302817974168899584,2020-09-07 03:56:24+00:00,"몰래데리고나가서초코우유사주고
해장하자고부르고
왜그러는거야?
                                            지서나
너자꾸그러면나헷갈려
내가생각하는게맞아?
                                            맞아
너 정말 신천지야?
                                            뭐?
뭐라고?"
1302804327342374915,2020-09-07 03:02:11+00:00,꿈에서도 아 지금 일 다 관둬야지 생각함 글구 여기 신천지 아니냐고 계숙 생각핰ㅋㅋㅋㅋㅋㅋ
1302795054310801409,2020-09-07 02:25:20+00:00,"10월3일 개천절 집회는 마스크 1백% 착용하고 거리두기 페이스 마스크까지 3중 장착하는 행사로 간다면 또다른 신천지, 제일교회 명분은 주지 않을것,

다만 놈들에게 코로나 확산의 빌미를 주는 상황에서는 심지어 집회를 하지 않더라도 면죄부를 줘서는 안될겁니다.
외국은 마스크도 하지않더라만"
1302790210552504321,2020-09-07 02:06:05+00:00,"신천지... 시작은 미약하였으나 끝은 창대하ㄹ;;;;
#진짜"
1302786587068002310,2020-09-07 01:51:41+00:00,ㄹㅇ 태풍 어쩌고하면서 지 좋아하는 새끼 사진 끼워넣는거 왜하는거임 지나가던 신천지 갗은 사이비가  자꾸 옆에서 알짱되면서 내앞에 전단지 들이미는거같음
1302784752164810752,2020-09-07 01:44:24+00:00,나는 이번에 대구 신천지 사건 이후에 신천지에 대한 편견이 생겼고 서울 한강 사진 보고 서울 사람들에 대한 편견이 생겨버렸다.
1302780526386839552,2020-09-07 01:27:36+00:00,엄마 친구 중에 모르는 체 해주고 계신 신천지인이 있는데 (데려가려다 실패함) 갑자기 전화와서 이번에 개신교 터진걸 보니 자기 친구가 신천지인데 달라보인다느니 혈장 기부가 대단하다느니해대서 뭐가 대단하냐고 하지말란 짓 해놓고도 나랏돈 써서 고쳐줬으면 당연한거 아니냐고 먹금하심ㅋㅋ
1302772315562754051,2020-09-07 00:54:59+00:00,전쟁에 있어 확실히 병사는 소모품입니다. 허나 나라의 기본이 되는 백성을 가볍게 여기는 국가는 머지않아 결국은 망하겠지요. 신천지를 손에 넣어도 씨앗을 잃어서는 번영 같은 걸 꿈꿀 수 있겠습니까?
1302762416304918533,2020-09-07 00:15:38+00:00,"#문재인
☎네깟 빨갱이개새낀 그때 뭐쳐했냐?☎
●코로나가 초기에 중공에서
막들어와 
전염병처럼 창궐해
퍼졌을때도
소눈깔 껌뻑껌뻑대며
나몰라라 생 까더니!!!
대구경북에
신천지광신도 풀어
확산시킨 것도 모자라
의사=간호사=게서 혼신필사의 노력으로
헌신할땐
뭘?쳐했냐?
☎문자질?적당히해라"
1302672097307537408,2020-09-06 18:16:45+00:00,신천지 참빛교회 두 번째 전쟁과 평화 사진전
1302665958633299968,2020-09-06 17:52:21+00:00,제가 신천지가 아니라 다행인 줄 아시라구욧! (ㅋ
1302663145823989761,2020-09-06 17:41:10+00:00,요 며칠 현타가 심하게왔어여. 봄준비해서 오픈과 동시에  신천지사태. 여름시즌 잠깐 괜찮다가 가을 물건오픈함과 동시에 이번사태.한시즌 최소 1500정도가 들어가요. 정말무리해서 만들었는데  말도 못해요. 그러다 공원에 다들 배달음식시켜먹고있는걸  보니 정말 나만 먹고사는게 걱정이구나 +
1302659476361629696,2020-09-06 17:26:36+00:00,랸님 ㄹㅇ... 나중에 저같은 사람 또 만나면 그때는 막 친해지지 마세여... 신천지면 큰일남 (joke2)
1302658139729264640,2020-09-06 17:21:17+00:00,"제가 님들이 좋다는 것을 다 좋아해도
저는 신천지가 아닙니다."
1302653782061268993,2020-09-06 17:03:58+00:00,막말로 목사가 빤쓰 내리라면 내리는 애들 지가 좋다는데 니가 사이비 운운할 이유는 없지. 신천지든 지랄이든. 왜 유독 개독만 갖고 지랄이냐. 코로나가 교회당에서만 전파되고 출퇴근길 버스지하철에서는 괜찮냐? 내가 아무리 마귀지만 시발 말이돼야지.니미.개독들아 기죽지말고 신앙생활 열심히해.
1302652280437530625,2020-09-06 16:58:00+00:00,사이비종교가 개인과 사회에 미치는 좆같은 영향과 별개로 재해에 대한 예방과 국민보건을 책임져야 하는 국가책임을 따져묻지는 않고 틈만나면 신천지가 어쩌고 전광훈이 어쩌고. 문재인도 무능하고 답없는 개새끼지만 이 판국에 사이비개독 잡들이에 여념없는 개돼지들도 참 문재인이의 백성답달까.
1302636292228833280,2020-09-06 15:54:28+00:00,"여러분들은 아직 부족합니다
이전에 저는 한순간의 호기심을 이기지 못하고 lord two kinder 더네글자 선배릠들 무대를 연이어 보았지만
이겨냈습니다
여러분
분발하십시오
가끔 추천 동영상에 뜨면 조금 망설이긴 하는데
아 아무튼
여러분
노력하십시오
(~이게 뭔 신천지같은 경우야~)"
1302627800654868480,2020-09-06 15:20:43+00:00,"신천지인데다 친일인건가

국민의 힘 ㅋㅋ"
1302613222827028480,2020-09-06 14:22:48+00:00,코로나 신천지로 대구 확진자 미친듯이 증가했을 때(대구 사람) 하도 밖을 안나가서 혼잣말하는 버릇이 생겼는데(자꾸 고영한테 말검) 지금 또 그러고 있다. 고양이는 고양거리는 거 아니야!! 고양이는 고양거리면 안돼!! ....미친걸까...........
1302608821710282753,2020-09-06 14:05:19+00:00,존나 신천지같아 시발 연락하지말라거 돼지색끼야
1302597135662153728,2020-09-06 13:18:52+00:00,"가장 중요한 현실은 시방 내가 신천지에 있다는 사실이고, 계속 있어야 한다는 사실이고, 첫째 부활에 참여해야 한다는 사실이다. 악한 세상이야 어찌되든 일단 내가 생존하는 것이 선이다. 그 후에 세상을 돌아봐야 하다. 어차피 한꺼 번에 다 구원할 게 아니기 때문이다."
1302595272015400960,2020-09-06 13:11:28+00:00,하하 요 며칠동안 갑작스럽게 친해지자던 언니 신천지였다 소름돋아 ㅠ ㅠ
1302593826515689476,2020-09-06 13:05:43+00:00,"한강공원 모이지 말라고 방송할때 신천지, 사랑교회 여러분 거리를 좀 띄워주시기 바랍니다~ 이랬으면 좋겠다 다를게 뭔데"
1302573052987764737,2020-09-06 11:43:11+00:00,신천지 이 시부럴 새끼들 진짜 시발 아오
1302560922972508167,2020-09-06 10:54:59+00:00,전쟁에 있어 확실히 병사는 소모품입니다. 허나 나라의 기본이 되는 백성을 가볍게 여기는 국가는 머지않아 결국은 망하겠지요. 신천지를 손에 넣어도 씨앗을 잃어서는 번영 같은 걸 꿈꿀 수 있겠습니까?
1302560903972306945,2020-09-06 10:54:54+00:00,"#혈장공여 시 대기 및 검사, 혈장 공여까지 1명당 3~4시간이 소요

#신천지 성도들이 직장 반차나 휴가를 내고 혈장공여에 참가했다.

1차 때 부적격 됐다 재도전한 분들도 상당수 있었다.

혈장 공여를 통해 누군가의 생명을 살릴 수 있는 일에 동참할 수 있다는 사실은 완치 성도님들께 큰 힘이됐다."
1302560119767445504,2020-09-06 10:51:47+00:00,ㅅㅂ 신천지 새끼들 잠잠하다 싶더니 또 기사로 지랄하네
1302558756337639424,2020-09-06 10:46:22+00:00,8시 반까지는 썰만 주구장창 이어야지 안 하면 내가 어...신천지다 젠장
1302556189956341762,2020-09-06 10:36:10+00:00,실트 신천지 밑에 있길래 이색기들? 하고 들어갔는데 체인블락좌표였음을....
1302546776373698560,2020-09-06 09:58:46+00:00,아진짜 씨발 트위터 신천지 노아의 방주 ㅇㅈㄹ 맨날 뭔 문이 닫히고있대 회개하래 내가아는 노아의 방주는 씨부럴거 명탐정 코난 베이커가의 망령에서 우주가 만든 시스템밖에없다고 작작해 개 새기들아
1302546198302081025,2020-09-06 09:56:28+00:00,"빅히트 매국
빅히트 신천지
빅히트 이만희
빅히트 똥고집
빅히트 사랑교회
빅히트 전광훈"
1302544246377906176,2020-09-06 09:48:43+00:00,난 예전에 신천지처음 터지고 ㅋㄹㄴ 심각할때 당당히 노래방에서 라이브하는 사람보고 진짜 제일 당황스러웠다
1302542867345190912,2020-09-06 09:43:14+00:00,"근데 솔직히 신천지 사랑교회 한강공원에 좀있으면 추석이고 이런 경우 간간히 나올거같아서 백신나오는게 답이아닐까싶음ㅜㅠ 게다가 서울경기에 인구 거의 몰려있어가지고 더 문제,,.,.."
1302542221439188993,2020-09-06 09:40:40+00:00,자영업하는 입장에서 정말 너무 슬프다... 콜오나 신천지로 처음 터졌을때 대출받는 자영업자 진짜 개많아서 은행 대기만 2시간씩 사람들이 하고 그랬는데.. 이번에 또 터지면서 더이상 대출도 못하고 망하는가게가 진짜 수두룩하다... 나랑같이 라멘집 차린형도 빚만 1억이 넘음...
1302539552268021761,2020-09-06 09:30:03+00:00,"김어준이 신천지가 그 감염병 퍼뜨린거보고 ""대구 사태""발언한거 참 같잖았는데 지금 그 사람 서울 사태라고 발언했음 어케됐을까? 

진짜 꼴보기 싫은 새끼였다"
1302537890736476161,2020-09-06 09:23:27+00:00,"1차 방역실패는 신천지 때문이고, 2차 방역실패는 8월 15일 광화문 집회 때문이라고 방역실패 책임을 전가하는 민주당과 문 정권의 주장은, 네로의 로마 대화재를 기독교인 소행으로 박해한 것, 관동대지진 때 일제가 조선인에게 우물에 독약을 탔다고 모함한 것과 똑같다"
1302536683376713729,2020-09-06 09:18:39+00:00,신천지 겁나 나오네
1302529233357430784,2020-09-06 08:49:03+00:00,"한국은 종교 때문에 개망할 것이다. 3월 신천지, 8월 개신교, 10월 유교 때문에"
1302514741391228928,2020-09-06 07:51:28+00:00,"아 어제 그알 보고
전광훈은 신천지보다 심하구나를
알아버렸다"
1302512950322671618,2020-09-06 07:44:21+00:00,"신천지,이만희가  '새누리'를 하사하고
일본, 본국에서 '국민의힘'을 하사하고"
1302508529375277058,2020-09-06 07:26:47+00:00,"김동규 천사 
김동규 미워하면 사탄 
김동규 미워하면 이완용
김동규 미워하면 신천지"
1302504213201608704,2020-09-06 07:09:38+00:00,교회앞 지날때 '신천지출입금지'란 팻말보면 우습더라... 개독에 비하면 신천지는 양반이다! ㅋㅋ
1302499674650152964,2020-09-06 06:51:36+00:00,"신천지교가 혈장공여를 천명 넘게 또 했단다.공여자에게 주는 20~30만원과 교통비도 받지 않았단다. 이제는 신천지가 이단으로 보이지 않고 전광훈목사류의 기독교교회, 대면예배강행하는 교회들이 사이비종교로 여겨진다.
세상참....어이가 없다."
1302487152677191680,2020-09-06 06:01:50+00:00,"이만희 개새끼 신천지는 날 걸러라
●자동트●"
1302481153543172096,2020-09-06 05:38:00+00:00,"코로나 피씨방 영업중단이 부당하다고 떠드는 인간들보면 한심하기 짝이없는게...

영업정지 전 인천 피씨방 신천지코로나, 게이바코로나로 터졌을때도 인천에 확진자 퍼지고 공항 터졌을때 조차 마스크 안끼고 들어와서 한자리에 삥 둘러앉아서 떠드는 초중고딩이 넘쳤는데요? 중단해야지 당연히"
1302473242410512384,2020-09-06 05:06:34+00:00,"우한발 중국폐렴
신천지발 대구폐렴
이태원발 게이폐렴
광화문발 빤스폐렴

그 다음은 누구?"
1302469451325997058,2020-09-06 04:51:30+00:00,6월에 롯데월드 가려고했다가 신천지 터져서 가지도 못했는데
1302465012284272640,2020-09-06 04:33:52+00:00,와 특히 대구 진짜 신천지 때문에 뭔개고생이었냐
1302463648506343424,2020-09-06 04:28:27+00:00,"타이완과 몽골은 코로나를 처음부터 중국과 국경을 막고,비상 방역을 했는데, 몽골 사정은 정보가 없고 대만은 성공한 방역 1등 국가로 알려져 있다. 한국은 코로나 발생 지역인 중국을 막지 않았다.한국 신천지의 크리스트교인들이 중국과 종교 활동하다가"
1302456746368069632,2020-09-06 04:01:01+00:00,물론 지금은 종교가 없고 종교활동도 안하는데 저 당시 엄마따라간 종교활동은 참 재밌었음 어디가서 밝히면 편견이 너무 많이 따라붙어서 굳이 말하고 다니진 않는데 초등학교 전 이야기니까 ㅋㅋㅋㅋ 그때 나이대면 엄마 손잡고 신천지도 가볼 수 있을 나이대지 암... 이란 생각에 걍 씀
1302448635083284480,2020-09-06 03:28:47+00:00,나 너무 후레러너라 다른 캐들이랑 깊은 서사 쌓는 거 손에 꼽을 정도인데 처음부터 완전 막 들이대주면 어어 이분 신천지인가 의심부터 함
1302443739663622145,2020-09-06 03:09:20+00:00,"2월~4월까지는 신천지
5월엔 괜찮아지겠지 했더니 연휴끼고 확산
여름엔 괜찮아지겠지 했더니 광복절집회 등등
추석도 걱정인데 정신나간것들이 개천절에 집회를 하니마니 해서 언제 끝날지를 모르겠음 올해 안에 끝나기는 하려나"
1302434993453506560,2020-09-06 02:34:35+00:00,"신천지 때는 그렇게 빨리 퍼지는 것이 몰랐으니까 그나마 납득되는 면이 있다고 쳐, 광화문 때는 이제 거의 괜찮아 졌다 해서 그랬다고 쳐. 그런데 어제 한강 공원에 간 이들은 그냥 니들이 제일 쓰레기야."
1302433453909057536,2020-09-06 02:28:28+00:00,"레나의 한국 이름은 이만희인가요?

(*신천지 총회장입니다...)"
1302425087887376387,2020-09-06 01:55:13+00:00,"이 넘들이 국민들에게 뭔가 잘못을 저지를 때마다
이름만 살짝 바꾸네
신천지새누리당처럼 차라리
국민사랑제일당이나 국민사랑당 국민제일당등으로
안바꾼 것이 신기하네
물밑에서 어떤 식으로든 꼬셔서
그 힘을 이용해보자는 말인가"
1302420813543436288,2020-09-06 01:38:14+00:00,"대전으로 도망가까페에서 소모임을 가졌다는 서울의 한 교회.

교회로 둔갑한 신천지교회
아닐까요?

신천지는 교인유인을 위해
일반 교회에 신자를 보내,
신자 유인 또는 교회를 접수한다고 하는데...
또한 교인 수십명 단위의 개척교회처럼 보이는 신천지 교회가 전국에 수없이 많고요."
1336163620833529856,2020-12-08 04:20:06+00:00,요즘 코로나 때문에 헬스도 못하니 뱃살 다시 나오는 듯ㅠㅠ 그래서 식단 관리라도 하려고 단백질쉐이크 챙겨 먹고 있는데 이거 진짜 괜찮네요. 포만감이 오래가서 자기 전까지 안배고픔;; 물이랑도 잘 섞이고 맛도 존맛ㅋㅋ 지금 세일하니까 필요한 사람 ㄱㄱ
1302417881364193281,2020-09-06 01:26:35+00:00,신천지도 욕하고 기독교도 욕하지만 지인 카페는 문을 연다고 홍보하는 어느 집권당 지지자.
1302376390008872960,2020-09-05 22:41:43+00:00,하나님께서 알려주신 부활의 종류가 여섯 가지다. 이를 세상 지식으로 이해를 하겠는가? 가장 간단한 나사로의 부활 같은 부활도 이해하지 못한다. 하니 그 나머지 부활에 대해서는 깜깜이다. 그러니 무식하다 또는 죽었다고 하는 게 맛지 않나? 이를 안 신천지인은 위대하다.
1302367554929717248,2020-09-05 22:06:36+00:00,"천지와 신천지는 옛 선민 나라와 새 선민 나라를 비유로 일컬은 말이다. 구원의 역사 과정에서 천지가 없어지고 신천지가 창조된 적이 여러 번 있었다. 고로 신약의 천지와 신천지는 예수님의 초림 세계와 재림 세계, 또한 씨 뿌리는 세계와 추수하는 세계를 의미한다."
1302309694388621312,2020-09-05 18:16:41+00:00,신천지 부·울·경 본부 이전 예정지는 '학교 밀집지역'
1302295481674944515,2020-09-05 17:20:12+00:00,연합뉴스-'빠른 치료제 개발 돕고자'..신천지 2차 혈장 공여
1302294475427913730,2020-09-05 17:16:13+00:00,"친한 카페 사장님 결혼하시고 가게 옮기신다고 좋아하셨는데 신천지 때문에 카페 오픈 못 하셔서 가을에 준비 다 끝낸다 하셨지만, 사랑제일교회에 집회까지....."
1302293495827185664,2020-09-05 17:12:19+00:00,"미드소마 후기 
3시간짜리 신천지영화"
1302286918047076352,2020-09-05 16:46:11+00:00,"프사 장소가 신천지임
그 신천지는 아니고요
저는 모든 종교 안 믿고요"
1302282820874690562,2020-09-05 16:29:54+00:00,창천지..(이창윤신천지)당하셨네
1302275639454564352,2020-09-05 16:01:22+00:00,"이만희 개새끼 신천지는 날 걸러라
●자동트●"
1302271488179888128,2020-09-05 15:44:52+00:00,"신천지 거제교회 자원봉사단, 유자농가에 힘 주다"
1302270994812293123,2020-09-05 15:42:54+00:00,우와아악 약간 신천지적 수법이잖아요.. 하지만 솔리드들이 배척하는 건 실제로 있는 일이니까 신천지는 아닌듯
1302269934005661697,2020-09-05 15:38:41+00:00,영영이욕하면일베충 영영이욕하면신천지 영영이욕하면러브젤교회수장 영영이욕하면너희아버지를내가당근과함께볶아먹음
1302267337039462403,2020-09-05 15:28:22+00:00,"저를 팔로하시는 분들 진짜 저는 플텍이라고 블언블 안하고.. 신천지, 섹계라도 블언블 안합니다.. 물론 가끔 이상한 분들은 하지만... 암튼 그러니까.. 저 언팔하지 마세요.."
1302263622198939648,2020-09-05 15:13:37+00:00,그알보고 있으면 신천지는 순한맛
1302262956642562048,2020-09-05 15:10:58+00:00,19살때 다짐한게 전공 다 때려치고 애들 오프뛸거라고 했는데 시발 신천지터지고 잠잠해져서 희망을 품었건만 전광훈 시발놈이 집회한 이후로 한번을 못나감 이거 시발 진짜 좆같음 애들은 무슨죄야 팬들없는 무대에 서서 환호성도 없고 응원법도 없고 뮤지컬도 그렇고 아아아각시밯존나빡쳐개새끼야
1302260584826634240,2020-09-05 15:01:32+00:00,"코로롱...정부가 문닫으라고 하는거 확산때문이지..
신천지랑 교회아니었음 이런일도 안생겼잖아...."
1302259845492482052,2020-09-05 14:58:36+00:00,"신천지같은무리 만낫을때 - 일단 들어가고 훔쳐서 도망칠 생각
친구가물렸을때 - 자가격리
조폭의깔이될위기 - 일단들어가고 훔쳐서도망칠생각"
1302258860179120128,2020-09-05 14:54:41+00:00,신천지 한 번 터지고 이태원 또 터지고 그 다음에 교회 놈들 터지고.....
1302258609112276992,2020-09-05 14:53:41+00:00,신천지도 느그통당이고 한기총도 느그통당이고 난리났네
1302257958684819456,2020-09-05 14:51:06+00:00,"COVID-19는 우리 사회 곳곳에 숨겨지고 감춰져 있던 것들의 실체를 드러내게 만들었다. 신천지, 이태원, 보수+개신교, 의협. 모두가 안전을 담보할 수 없는 상황이 도래하면 다들 민낯을 감출 수 없게 되는 것 같다. 2020년은 여러모로 잊지 못할 한 해가 되지 않을까 싶다."
1302255949357359104,2020-09-05 14:43:07+00:00,...? 신천지는 정말 종교적인 믿음으로 병신같은거지 오늘 제일사랑교회 신도들은 걍 정치적이네 ...? 종교가 아니자너...;
1302255688068988928,2020-09-05 14:42:05+00:00,전광훈 개새끼를 보니 신천지는 졸라 젠틀한 거네.
1302252125867487232,2020-09-05 14:27:56+00:00,ㅋㅋ하.. 신천지는 양반이네 소리를 내가 하고 있을 줄이야 🤦‍♀️
1302251409694367746,2020-09-05 14:25:05+00:00,전광훈이랑 신천지랑 뭐가달라 ㅅㅂ...
1302243298044571648,2020-09-05 13:52:51+00:00,한강 공원 간 련 넘 들도 문제고 신천지 기독교인들 다 문제인데 마치 내가 최대에 피해자라고 찡찡거리며 ㅈㄹ하는거 못 봐주겠어 고3 만 힘들어? 응??
1302242283270496257,2020-09-05 13:48:49+00:00,ㅋㅋㅋㅋㅋㅋㅋㅋㅋㅋㅋㅋㅋㅋㅋㅋㅋㅋㅋㅋㅋㅋㅋㅋㅋㅋㅋㅋㅋ너 신천지얔ㅋㅋㅋㅋㅋㅋㅋㅋㅋㅋㅋㅋㅋㅋㅋㅋㅋㅋㅋㅋㅋㅋㅋㅋㅋㅋㅋ
1302238545747165185,2020-09-05 13:33:58+00:00,대구에서 신천지로 터졌을 땐 대구 봉쇄 하라느니 나오면 다 총살 해야한다느니 온갖 개지랄을 떨어놓고 서울놈새끼들은 한강공원에 뭔 &gt;&gt;안전한&lt;&lt; 지방에 온데 다 쳐놀러다니네...??
1302232465663094786,2020-09-05 13:09:48+00:00,"ㅇㄴ 트위터 실트 작작끊으라고 ㅋㅋㅋㅋㅋㅋㅋ

신천지 이만희-&gt;신천지 이만
빌보드1위가수석지니-&gt;수석지니
어거스트디-&gt;어거스트

더 있는데 기억이안남"
1302228633537241088,2020-09-05 12:54:35+00:00,"@:지방민 입장에선
대구 신천지 때문에 난리낫었을 때는 바로 대구 봉쇄 얘기 나왔는데 ;
지금은 그런 얘기 안 나오고 있는게 참...^^... 서울공화국이구나 싶고 그러네..^^... (뭐 다른 지역에서 일케 코로나 터졋음 벌써 넷에서 해당지역봉쇄 얘기 나왓을게 뻔하고)"
1302224393330782208,2020-09-05 12:37:44+00:00,3월달에 한참 신천지로 코롱나 심했을 때 인스타 스토리로 나가지 말라고 의료진들 위해서 좀 참으라고 이런 식으로 올렸는데 언팔 존나 당했음ㅋㅋㅋ
1302222525288472576,2020-09-05 12:30:18+00:00,"기독교인으로서 올해 교계에 실망이 크다. 백날천날 교회에서 신천지 경계를 떠들어놓고 코로나정국에서 신천지보다 더 사이비처럼 행동한다.
이번일로 신앙이 흔들리지는 않겠지만 목사들에 대한 마음은 더 차게 식는다.
확실히 목사들도 목사되기전에 직업을 가져야한다. 전도사때부터 교회에서"
1302221810121936896,2020-09-05 12:27:28+00:00,자영업자입장에서 신천지 이태원..힘들게버티고 좀나아지나 했는데 사랑제일교회와 광화문집회가 모든걸 빼앗아 가버렸다..살아갈희망까지도..
1302215803303915520,2020-09-05 12:03:36+00:00,지난번 신천지 터졌을때 한강 폐쇄하지 않았었나. 기억이 가물가물... 이번주엔 폐쇄 고려하는거 어떨까.
1302210154083958789,2020-09-05 11:41:09+00:00,신천지 사랑제일교회 외 다시 한번더  코로나집단감염 발생시 그 모든 책임은 문재인 정부가 오롯이 지게 될것이다 더 이상의 신뢰는 없을 것리다
1302208583065415681,2020-09-05 11:34:54+00:00,펠레개또라이신천지같은새끼
1302205775071203328,2020-09-05 11:23:45+00:00,"아니. ㅆㅂ. 신천지신도 천몇백명이 혈장치료제 개발에 쓰라고 헌혈했다기에..

치료제개발에 그나마 힘을 보태는 신천지보다 코로나 퍼뜨리는 개독이 진짜 이단아닌가.. 라고 썼다고 ..

담 이놈이 주의라며 강제로 댓글 삭제해버리네.

개독들 힘이 안닿는 곳이 없네."
1302205341615104001,2020-09-05 11:22:01+00:00,"성경 비유풀이를 안 배운 사람에게 성경은 영원히 봉한책일 것이다. 그 사람은 영원히 하나님을 볼 수 없을 것이며, 천국을 볼 수 없을 것이다. 신천지 성도가 영생불사의 몸으로 변화가 되고, 지상천국이 아름답게 전개되어도 모를 것이다. 슬프다, 진펄과 개펄이여."
1302204193764122624,2020-09-05 11:17:28+00:00,진짜 광화문 집회랑 신천지랑 다를게 뭐여 ㅋㅋㅋ 술에 미친 광기 집단
1302196511405735941,2020-09-05 10:46:56+00:00,아니 근데 신천지 터질때 서울은 확진자 얼마 안늘어났지않나 뭐 그러면 이해함
1302183015695618048,2020-09-05 09:53:18+00:00,"동기 두명 한강가서 맥주마시고 논거 인스타에 전시했던데... 진짜ㅋㅋㅋㅋ 너네가 교회인, 신천지, 집회간 인간들이랑 다른 게 뭐야? 이런 새끼들 때문에 이시국 지속되는거임"
1302182830558965761,2020-09-05 09:52:34+00:00,서울 대면예배 못하게 하니까 대전간다니.... 정말 신천지보다 더 지독한것들이네
1302177518766546944,2020-09-05 09:31:28+00:00,"한강에서 저렇게 놀면서 신천지, 광화문집회 겁나 욕하겠지 에라이"
1302171661639196673,2020-09-05 09:08:11+00:00,어크2 신천지 끝판왕
1302170814729445377,2020-09-05 09:04:50+00:00,아니 신천지는 아닌가 채근에 읽은 사이비 컬트종교 에세이책 그것두 애들 학교 안보내고 옹기종기 모여서 안아키 하던데 하여튼 으아아악
1302170614522769408,2020-09-05 09:04:02+00:00,ㅠㅠㅠㅠㅠㅠㅠㅠ그냥 신천지 같은거잖아 맙소사
1302168761940623360,2020-09-05 08:56:40+00:00,하나님이 계신 천국에는 천국의 비밀을 알아야 가는 것이었다. 그냥은 절대로 못간다. 그 비밀은 신천지였다. 하나 비밀을 모르기에 비밀의 실체인 신천지가 나타나도 모른다. 보고도 모르니 무엇으로 알게할꼬. 한 자씩 반복해서 가르치는 게 상책이리라.
1302161253939384320,2020-09-05 08:26:50+00:00,"사랑하는 신천지 열 두 지파의 하나님, 이 시간도 사랑하는 자녀들의 영과 육을 강건케 해주시고, 만사형통케 해주십시요. 또한 전염병을 사라지게 해주십시요. 그리고 세계 모든 거민들이 보는 앞에서 영과 육의 혼인잔치를 성대하게 하시며, 죽을 몸을 변화시켜 주십시요."
1302160983800999936,2020-09-05 08:25:46+00:00,신천지에요➡@imy1009
1302157460921184257,2020-09-05 08:11:46+00:00,"창밖엔 큰 나무 몇 그루가 있다. 살아 있는풍경화다. 바람이 지나가면 흔들거리고, 가을이 되니 잎이 진다. 어떤 잘 그린 그림이 이에 비할까? 저들도 나의 변화됨을 간절히 원한다고 하니, 그 기대를 저버리지 말아야겠지. 신천지인은 뭇생명들의 희망이다."
1302153590740402177,2020-09-05 07:56:23+00:00,이젠 신천지가 마스크 쓰고 날뛰네
1302151673717035008,2020-09-05 07:48:46+00:00,신천지 예수교 증거장막 성전 열 두 지파는 하나님의 지극한 사랑의 승리의 결실이다. 지나온 시간 지구상에서 일어났던 사람들의 범죄 행위들을 보라. 기록되어 전해지는 것만으로도 영원한 형벌을 받기에 마땅하지 않은가? 그러나 하나님은 일절 참으시고 일해 오셨다.
1302148562147356677,2020-09-05 07:36:24+00:00,신천지 교회와 교인에 대한 사회의 인식도 계절이 바뀌듯 바뀌어가는 것을 본다. 전염병으로 지칠대로 지친 사람들의 눈에는 신천지가 신선하게 보일 것이다. 신천지가 입은 피해는 막대하다. 하나 신천지는 계속해서 사랑을 베푼다. 신천지의 존립 목적이 사랑이기에.
1302146596314832901,2020-09-05 07:28:35+00:00,세상의 인간관계가 틀어진 모든 문제는 오직 사랑과 용서와 축복에 의해서 바로잡을 수 있다. 이게 중심이다. 신앙의 중심도 이것이다. 심한 핍박을 받는 가운데 상대방을 미워하지 않기는 쉽지 않다. 중심을 잡지 못하면 넘어진다. 신천지 총회장은 항상 중심을 잡아준다.
1302143791353085953,2020-09-05 07:17:27+00:00,"아직도 조국딸 추미애아들이 언론과 검찰에 의해 억울한 누명을 쓰고 있다고 생각하는 사람들을 보면,,,

박그네 빵에 간다고 울고불고 하는 태극기부대, 김정은을 맹신하는 이북동포들,
이만희 신천지 교도들,,,

이들과 완전 똑같이 보인다,,,쇄뇌당해서 뇌가 활동을 못한다는 점에서,,,"
1302136816372334592,2020-09-05 06:49:44+00:00,나도 어제 보고 미친놈인가 했는데 잘 보면 옷이 두껍다. 올해 2월에 찍은거라며 며칠인지는 모르지만.. 신천지 관련자가 나오기 전이겠지? 후라면 아무리 2월이라도 쉴드 칠 수 없으셈...
1302128827494064133,2020-09-05 06:17:59+00:00,"올해 컴 고장나서 코로나 좀 잠잠해지면 고치려했는데 신천지터지고 뭐터지고 교회터져서 반년동안 방치중인 본체...
과연 내용물 살아있을까 두렵기만 하다...."
1302128407405146112,2020-09-05 06:16:19+00:00,"의사 일베들 하는짓 보다보니,
혈장 공여하고 있는 신천지 신도들이 차라리 대한민국 보건에 더욱 도움이 되는 느낌이다."
1302123482130477056,2020-09-05 05:56:45+00:00,"권준욱 부본부장, ""연구개발과 관련해서 코로나19 혈장치료제 개발을 위한 임상시험 등이 진행 중인 바 현재까지 총 2634명의 완치자가 참여 의사를 밝혀주셨고, 실제로 1936명이 혈장공여를 완료해 주셨습니다. 특별히 지난 8월 27일부터 9월 4일까지 대구의 신천지 신도를 중심으로 혈장공여 의사를"
1302118802100858880,2020-09-05 05:38:09+00:00,"지금교회 하는짓 때문에
혈장기증하는 신천지가 천사처럼 보인데

지금 당댑하는 행보가 문제가 있으니 
차라리 이재명이 나을수도 있겠다란 글도 보이더라...

이낙연당댑의 위엄이란?

이재명이 아무리 싫다한들 대체재로 이낙연도 너무너무 싫다 

제발 잠룡들 일어나라고"
1302117365987995649,2020-09-05 05:32:26+00:00,"'혈장 공여해준 신천지 신도와 관계자에게 감사드린다'라니, 질본 브리핑에서 이런 코멘트를 듣게 될 줄이야... 이단 신천지도 협조하는데 사랑제일교회 너넨 뭐냐? 라는 의미가 담긴 걸까나.
#질병관리본부 #질본 #신천지"
1302115318760841216,2020-09-05 05:24:18+00:00,신천지를 까닭 없이 미워하는 자들은 하나님과 예수님을 미워하는 마귀의 자녀들이다. 신천지가 없어지기를 바라는 자들은 하나님과 예수님이 세상으로 오시지 말기를 바라는 자들이다. 이런 악한 자들이 있나? 하나님과 예수님의 싫으면 하나님이 창조하신 세상에서 살지 말라.
1302114198453776391,2020-09-05 05:19:51+00:00,"전광훈 은  악귀 
신천지 는 이만희는
잘못을   인정  혈장공여
동참 유도
전광훈과 가짜보수들이
아직도 정신 못차리고

공동체  위협하고 있다.
이제는  공동체  위해서
방역 안지키고 있는 
사람들을  지적하고 간섭해야

공동체 가 생활방역 으로
돌아간다

소상인과 대중업소들 
파산은  마가보자"
1302113973597216770,2020-09-05 05:18:58+00:00,"내가 있어야 모든 것이 의미가 있다. 이는 내가 제일 중요하다는 게 아니라 내가 있어야 하고, 중요하다는 뜻이다. 그런데 내가 있어도 하나님이 아니 계시면 나는 아무 의미가 없다. 고로 나도 있어야 하고, 하나님도 계셔야 한다. 신천지인은 이를 충족한다. 고로 의미 있다."
1302113487947063297,2020-09-05 05:17:02+00:00,신천지 그렇게 욕먹더니 혈장 제공했다고 질본에서 감사하다는 말까지 듣는 날이 왔네. 전광훈 저 미친 무리들은 보나마나 혈장 제공도 안 할거야
1302113335161225216,2020-09-05 05:16:25+00:00,신천지는 이제 혈장공여로 칭찬받는 상태가.
1302111383455113217,2020-09-05 05:08:40+00:00,저러고 쳐먹고 놀고 떠들다가 신천지 사랑제일교회 욕하겠지?? 지들도 다를건없는디 ㅋㅋㅋㅋㅋㅋㅋ
1302105073351192576,2020-09-05 04:43:36+00:00,하나님처럼 창조의 지혜와 능력이 있는가? 하나님처럼사랑이 있는가? 하나님처럼 수천 년간을 쉬지 않고 일할 수 있는가? 하나님처럼 죄인을 죄에서 구원하려고 독생자를 내어줄 수 있는가? 하나님처럼 죽은 자까지 찾아갈 수 있는가? 이렇게 선하신 하나님이 신천지로 오신다.
1302104358792736768,2020-09-05 04:40:45+00:00,진짜 너무 외롭고 연락할 사람이 없어서 신천지처럼 카톡친구 목록 뒤지고있어 ㅠ
1302103264477868033,2020-09-05 04:36:24+00:00,"신천지인 빼고는 하나님을 아는 사람이 없다. 하나님이 계신 것도 모르는 자들이 부지기수며, 안다고 하는 자들도 귀신을 하나님으로 알고 있다. 하니 안다고 자들의 정신상태가 더욱 심각하다. 십 사만 사천이 변화되면 많이 알게 되겠지. 인간승리가 아니라 하나님의 승리다."
1302091268835536896,2020-09-05 03:48:44+00:00,ㅋㅋㅋㅋㅋㅋㅋㅋㅋㅋㅋ 신천지 포교하니까 생각나는게 나 거기 앞에서 망치와 낫 찬양했더니 표정 바로 썩더라
1302091045421817857,2020-09-05 03:47:51+00:00,"예전에 코로나 터지기 전에 신천지포교하는? 것 같은 사람들 몇번 만난 적 있는데
그때당시 소려님 파워 마이너스 사고라 고민이나 우울한 얘기가 끝도없이 나오니까 포교하는거 포기한 듯이 다시 인터뷰하러 안옴 ㅎ"
1302066599956893697,2020-09-05 02:10:43+00:00,트로이 tyh흰 머천티에  검은 긴바지입고 나가려니까 식구들이 신천지냐고 😔
1302057465719083008,2020-09-05 01:34:25+00:00,국민일보는 신천지 까는 데에만 써....
1302056816558260224,2020-09-05 01:31:50+00:00,"난 웬만하면 맞팔 다해줌
단 개독 신천지 수구꼴통 태극기모독단은 제외
그리고 어떤 글을 리트윗 했나도 봄
볼건 다 봄
쉬운것 같아도 무지 어렵게 맞팔해줌ㅋ"
1302055710021226496,2020-09-05 01:27:26+00:00,"우한폐렴 확진자율 고무줄 통계는 문가의 음모. 초기 중국 개방 여론악화 의식(타켓된 신천지, 대구), 총선 전후(여당의 대승), 광화문 시위 압박(사랑제일교회 포함), 자영업 경제 폭락 여론악화 무마(코로나2.5) 확진자율은 권력의지와 상관관계 '1' 질본 창녀 정경은 내치라!!!"
1302054001651847168,2020-09-05 01:20:39+00:00,제발 코로롱 내가 대학가기 전까지 전세계에서 사라지길 바랑다ㅠ 사실 코로롱 있어도 아 므야 학교 안가네? 개꿀 신천지 미쳤구먼 이러기만 했는데 ㄹㅇ 인중에 땀차고 의료진 고샹하는거 보면 맘아픔 집밖에 돌아다니지 말자 놀고싶음 친구집 가서 집에서 쳐박혀서 놀자
1302053320186499072,2020-09-05 01:17:57+00:00,"코로나로 문재인 정부 망하길 바라는 사람들. 

그 정부 느그 나라 정부야. 
정부는 망해도 느그 나라는 안망할 줄 아냐?
그건 별 일 없을 때나 그렇고. 지금은 세계적 위기상황이야.  

천지분간 안되나? 신천지야?"
1302048079424618497,2020-09-05 00:57:07+00:00,사이비라던 신천지는 무릎꿇고 사과라도 할 줄 안다. 그러나 개독은 그렇지 못하니 신천지보다 못해도 넘 못한다고 생각한다.
1302029582078337025,2020-09-04 23:43:37+00:00,"상반기 대구 대란때 플텍계였어서 혼잣말만 열심히 씨부렸지만 대부분의 사람들은 당시 신천지와 문천지의 대결! 이라고 했음 ㅇㅇ 근데 문천지들 요새 남한 땅 양대거악이 의협이랑 기독교인 것처럼 굴잖어.
내가 걔들 편드는게 아니라 나도 걔들 꼴사납다고. 아니 굳이 오타쿠 이새끼들한텐 이런걸"
1302021846280204289,2020-09-04 23:12:53+00:00,"계시록의 배도자가 어떻고, 멸망자가 어떻고? 다 지난 일이다. 지금 신천지에서 믿음을 지키고 있는 자신이 제일 중요하다. 현재의 선민은 오직 신천지뿐이며, 우리들 자신이다. 믿음을 지켜서 영생에 들어가면 그만이다. 그 후의 일을 그때 생각하면 된다."
1302017542311956482,2020-09-04 22:55:47+00:00,"하나님의 구원의 역사가 이제 몸의 구속을 앞둔 시점이다. 조금 답답하기는 해도 지낼만하다. 어차피 신천지 열 두 지파 인 맞은 자들은 영원히 사는 몸으로 변화할 것이다. 이게 안 된다거나, 악을 방법은 없다. 다만 그때까지 시간이 조금 걸릴 뿐이다. 기운을 내자. ^^"
1301999496109395969,2020-09-04 21:44:04+00:00,"[#24현문현답]
#이만희 총회장님의 #현답18

사람은 가치에 따라 움직이고 
가치에 따라 미치기도 합니다.

여러분께서는
지금까지 최고라고 생각한 
가치보다 더 나은 가치를
발견한다면 어떻게 하시겠습니까?

#신천지 #현문현답 #비대면
#신앙 #신앙인 #모습 #근본
#공산주의 #사상 #이념 #미치다"
1301983460546895872,2020-09-04 20:40:21+00:00,신천지 뒤질라게 깠다가 블언블된 경험에 대하여 ㄷㄷㄷ
1301931019302391808,2020-09-04 17:11:58+00:00,아 진짜 맛집이랑 EDM만 생각하면 교회랑 신천지 본단에 미사일을 날려버리고 싶어
1301927822038982657,2020-09-04 16:59:16+00:00,"그 교회 10계명
①빤목 외의 다른목사를 섬기지말라
②우한을 섬기지 말라
③하나님께 “까불면 죽어” 협박하라
④불법집회일을 지켜라
⑤바이러스로 부모를 공격하라
⑥바이러스로 살인하라
⑦간보지 말라
⑧헌금통을 도둑질하지 말라
⑨행선지를 거짓으로 증거하라
⑩이웃신천지의 재물을 탐내지 말라"
1301924376040759297,2020-09-04 16:45:34+00:00,아니 신천지도 좆같고 여증도 좆같음 씨팔ㅋㅋ 지들 수혈 안받고 뒤지는 건 노알빠인데 아무것도 모르는 어린애까지 수혈 못받게 하고 제일 미친거같은 점은 의사가 돼서도 수혈 안하고 대체요법같은거 한다는거임 진짜 미친새끼들같아
1301924022368653312,2020-09-04 16:44:10+00:00,신천지도 피하는 사람이 되고싶다
1301922546938310656,2020-09-04 16:38:18+00:00,아 해품달땡기네 전에 사려고했는데 신천지 코로롱 터져서 시내 못갔음
1301920652866146304,2020-09-04 16:30:46+00:00,강마루랑 신천지랑 미소랑 나오는 역사와이책 너무좋아..
1301890045561856000,2020-09-04 14:29:09+00:00,"내가 덕질하면서 찰스 조롱하는거 하루이틀 보는것도 아니고 그정도는 버텼는데 신천지 터질때 정줄놓고 대구보고 헛소리하는거 보고 정털려서 덕질계도 정 떨어짐ㅋㅋ 자기들은 일베랑 다르다고 생각하겠지
지금도 의사들 얼마나 조롱하고 있을지(비판이 아님)"
1301879302896508928,2020-09-04 13:46:28+00:00,꿈 자주 꾸시는 분 있나요.. 저 저번에 꿈에서 버스같은곳에 타고있었는데 아닌가 뭔가 어느 작은 벤에 할아버지랑 애들이랑 탔는데 무슨 상황인지는 몰라도 신천지 따라가는것 같은데 그 할아버지가 제 마스크 화내면서 벗기는 꿈 꿨어요 .. 그때 일어나서 엄청 당황함 .. 코로나 너무 무섭다 ..
1301878824494231553,2020-09-04 13:44:34+00:00,코로나가 503때 터졌어도 지금보다는 나았을거다. 끽ㅎ야 503은 반드시 살려야 한다 하나 붙여놓고 전문가한테 맞겼겠지 최소한 문재앙 처럼 신천지 부터 온갖 갈라치기로 남탓해대는 짖은 안했지. 진짜 문재앙 같은 쓰레기 진짜 역대급이라 할말이 없을 지경.
1301875772978679809,2020-09-04 13:32:26+00:00,"진짜 웃긴게 지금 신천지랑 다를거 없고 교회와 보수파들이 주축이라 더 심각한 상황인데 
신천지는 사탄 취급을 하며 선긋다가 지들은 종교탄압을 시부리고 있는게 같잖은거
너희가 더 악이고 민폐야"
1301869841171668993,2020-09-04 13:08:52+00:00,야탑에 신천지 있다고...
1301866270602588161,2020-09-04 12:54:41+00:00,으코로나다으어아어대구어떡해으어아어어신천지으이만희으어으어아광화문집회으어아으어사랑제일교회으어전광훈으아어으어어 어 가을이네?
1301860994306592772,2020-09-04 12:33:43+00:00,"우리 성녀쟝...

신천지라서 순위가 떨어지기만해..."
1301855251708796928,2020-09-04 12:10:53+00:00,"코로나 터지고서 신천지와 이만희 총회장, 사랑제일교회와 전광훈 목사, 광화문 집회자들을 보아하니 우생학을 다시금 꺼내들때가 온듯하다.
인간조차 아닌 어려운 연금으로 국가가 살려주고있는 벌레들과 세금 한푼 내지않는 더러운 돼지에겐 단지 분쇄기에 갈려 비료와 사료가 되는것 이외엔"
1301855137065959424,2020-09-04 12:10:26+00:00,"한국인들 특징이 있기는 있는 거 같다.
그 하면 된다는 정신.
방역당국의 피땀눈물은 물론이지만 신천지,이태원 그리고 광화문 확산을 멈추고자 노력하는 국민들의 참여, 그 중에서 어린이와 학생들의 희생이 크다고 본다.
아가들의 마스크가 빨리 벗겨지길."
1301849401241923585,2020-09-04 11:47:39+00:00,"아 진짜 신천지, 사랑젤교회, 광화문집회 나간 인간들에게 정신적 손해배상 청구라도 하고 싶다. 이정도면 천조국에선 벌써 소송들어갔다 ㅗㅗㅗㅗㅗㅗㅗㅗ아아악 시발"
1336163620833529856,2020-12-08 04:20:06+00:00,요즘 코로나 때문에 헬스도 못하니 뱃살 다시 나오는 듯ㅠㅠ 그래서 식단 관리라도 하려고 단백질쉐이크 챙겨 먹고 있는데 이거 진짜 괜찮네요. 포만감이 오래가서 자기 전까지 안배고픔;; 물이랑도 잘 섞이고 맛도 존맛ㅋㅋ 지금 세일하니까 필요한 사람 ㄱㄱ
1301831386014167040,2020-09-04 10:36:03+00:00,그렇게 시간이 흘러 인류는 종말을 고했고 지구는 끝이 났습니다. 그리고 만물의 주인인 나는 나의 신천지를 내려다보며 생각했죠. 보시기에 좋았더라.
1301818188536016896,2020-09-04 09:43:37+00:00,"솔직히 뉴스 같은데서 신천지 때랑 비교해서 보수 개신교 비판 덜한거 보면 방송국 안에도 비슷한 놈들 넘쳐 날거 같아서 못믿겠어... 
일본 보면 같은 촬영 한 연옌이나 스텝들끼리 전염 쉽게 되던데"
1301805551572062208,2020-09-04 08:53:24+00:00,"다들 까먹었을만한것들 다시
코로나의 기원은.중공
박능후 한국인이 문제라말함
강경화 중국인 입국금지안함
출입국관련 법무부직원 자살
신천지. . 처벌받았남?
청도대남병원 간병인. .추적했남?
코로나가 위험하다면서 총선강행
마스크 지오영 거의독점 유통. 군대인원 무보수 강제로 일시킴."
1301799627167948801,2020-09-04 08:29:52+00:00,신천지가 선녀고 최대집이 선녀일줄 그 누가 알았을까.
1301799591239507968,2020-09-04 08:29:43+00:00,한 때 신천지에 이를 갈았다.그런데 전광훈과 사랑제일교회를 보고 신천지가 선하게 느껴졌다.한때 최대집을 보고 이를 갈았다.그런데 박지현과 전공의들을 보고 최대집은 박치기만 잘하는 순한 양이구나라고 생각하게 되었다.
1301796357955448832,2020-09-04 08:16:52+00:00,"""국민의 힘""
당명
좀 어색 하네요
이름은 부르기 쉽고 기억하기 좋아야 한다는데~
어쩧튼 당명 바꾸고 정강정책도 바꿨으니 실천만 남았네요
아무리 좋은 경전이라도 바르게 행하지 않으면 신천지나 사랑교회와 같은 살인과 망국의 경지를 만든다 환골 탈태로 반대가 아닌 대안 제시가
국민의 힘이다"
1301795439520280578,2020-09-04 08:13:13+00:00,ㅠㅠ 중학교 동창이 신천지에 빠진 지 꽤 됐고... 이 친구가 다른 동창을 소위 센터에도 데려가고 그랬다던 거 떠올라
1301794607244533760,2020-09-04 08:09:55+00:00,"이단 신천지.

사탄 전광훈?"
1301794479762882561,2020-09-04 08:09:24+00:00,"이단  신천지가 선인가?

사탄 전광훈이 선인가?"
1301790334641291264,2020-09-04 07:52:56+00:00,시발 개독때문에 신천지가 준수해보이잖아 ㅋㅋㅋㅋㅋㅋㅋㅋㅋㅋ
1301781590725414912,2020-09-04 07:18:11+00:00,후유증 합병증도 모니터링및 조사할 예정… 여성건강까지도 추가해서 조사한다고 했는데.. 신천지 사태때 대다수의 감염자들이 20대 젊은 여자들이어서 그럴수 있었던거 아닌가.. 이거도 참 씨발 소름끼쳐 죽겠네 ㅠㅠ
1301778841732485120,2020-09-04 07:07:16+00:00,저 개신교 빙자하는 숙주좀비 쌍것들 가장 최악의 악수는 지금 졸지에 저 천하의 사이비 신천지를 올려치기 하는 분위기로 만들어버린거임 아 시발 비교하지마 어처구니 없어
1301775749653831681,2020-09-04 06:54:59+00:00,전쟁에 있어 확실히 병사는 소모품입니다. 허나 나라의 기본이 되는 백성을 가볍게 여기는 국가는 머지않아 결국은 망하겠지요. 신천지를 손에 넣어도 씨앗을 잃어서는 번영 같은 걸 꿈꿀 수 있겠습니까?
1301767310722564096,2020-09-04 06:21:27+00:00,안돼 이러다가 신천지 재평가되게 생겼어
1301754645782523907,2020-09-04 05:31:07+00:00,"우리아빠 kf94 마스크 200갠가 100개 묶음으로
10개 사오셨어

신천지 터졌을때도 마스크 오지게 사다둬서 마스크 쥰내많은데

우리 마스크 걱정 이제 없음"
1301752517651357696,2020-09-04 05:22:40+00:00,신천지 보다 더 정신나간게 전광훈 교회였네.
1301751579234562060,2020-09-04 05:18:56+00:00,신천지(ㅠㅠㅠㅠㅠㅠㅠㅠㅠㅠ)
1301750497091624960,2020-09-04 05:14:38+00:00,기독교 보단 신천지가 나은듯
1301750445484855297,2020-09-04 05:14:26+00:00,따비 처음 팔로했을 때 신천지 아님 써있었어
1301722168997240832,2020-09-04 03:22:04+00:00,교회 문에 신천지 출입금지 대문짝만하게 붙여둔거 개웃기네 지들은 일요일마다 예배 아직도 하면서
1301720826929016832,2020-09-04 03:16:44+00:00,"그치만? 전공책이 신천지책보단 쓸모있지않겠습니까?
이미있을것같기도하다"
1301720740413075456,2020-09-04 03:16:23+00:00,"질본이 신천지, 전광훈네 교회 다 잡아도 룸살롱은 못 잡는다는 게 씁쓸한 부분. 그나마 고육지책이 음식점 밤9시 이후 영업 금지 ㅡ.ㅡ 룸살롱이나 양주 바나 음식점으로 분류되어서 그렇나? ㅋ"
1301718690879082496,2020-09-04 03:08:15+00:00,신천지 총회장의 사적인 것들을 아무리 꼬투리 잡아봐야 소용 없다. 그것은 신약을 이루는 공적인 일과 아무런 관련이 없다. 옛날에 예수께서 세상이 오해할 만한 일을 많이 했어도 그것은 그들의 오해였다. 구약을 이루는 일과는 전혀 상관 없다. 믿음을 굳게 하자.
1301717760280412160,2020-09-04 03:04:33+00:00,"전쟁에서 상대방에게 도덕적, 윤리적, 법적, 양심적 책임을 물을 수 있는가? 결코 없다. 그러면 전쟁이 아니지. 신천지를 대적하는 자들은 이런 것들로 걸고 넘어진다. 그들은 마귀니까 진리가 없어서 그러는 것이다. 문제는 등신 같이 이런 말에 놀아나는 자다. 왜 놀아나나?"
1301717724561772545,2020-09-04 03:04:24+00:00,나는 진짜 지난 2월부터 마스크 꼬박꼬박 쓰고 다녀 사람 많은데 안 다녀 관극 줄여 관극하고나서 2주 혼자 콕 박혀서 사람도 안 만나고 다녀 부모님도 못 봐 이러고 살았는데 광화문 틀딱들 개독들 신천지들때문에 친구들도 못 보고 추석에도 집 못 가게 생겼네ㅋㅋㅋㅋㅋ진짜 세상아
1301711647417884672,2020-09-04 02:40:16+00:00,전광훈 이후로 드는 생각 중 하나는 신천지에게 너무 심하게 대했나 하는 말도 안되는 미안함이다.
1301701293870735361,2020-09-04 01:59:07+00:00,"최대집이 이래저래 딴지 걸고 드러눕고(정말로 땅바닥에) 그랬지만 코로나 검사킷트 신뢰성 논란 일었을때 그리고 신천지 때 질본과 정부 두둔 했었슴. 저 무리 중에서 그나마 제일 정상이었던 것. 지하 5층이 끝이 아니었어. 그 밑에 지하 10층, 지하 20층."
1301698678013345797,2020-09-04 01:48:43+00:00,"앞으로 코로나를 잡으려면 정부의 강력한대책이 나와야한다.
신천지사태후 안일하게 대처하다가 또 사랑교회로부터 확산이재발했다.
또 제3의신천지.사랑제일교회가 나올수가있다.
다시는 어리석은 정책으로 국민들 힘들게 하지 않기바란다.
또다시 교회로부터 확산자가 나온다면
정부는 끝장난다."
1301696149280051200,2020-09-04 01:38:40+00:00,저 꿈에서 신천지 우리집와가지고 전도할랫는데 제가 쫓아내는 꿈꿨음
1301694301290684418,2020-09-04 01:31:20+00:00,운동 안 하더니 걸려서 꼬시다고?? 신천지도 아니고 무슨 그런 말을 해;;
1301693814856323073,2020-09-04 01:29:24+00:00,"신천지가 개독보다 나아보이고
최대집이 의사들중에 나아보이는 현상은
대체 왜 생기는건데????????"
1301689496761556997,2020-09-04 01:12:14+00:00,진짜 징그럽다 신천지보다 더한 개새끼들 하나님이랑 예수가 그따위로 하라고 하디?
1301681850054631424,2020-09-04 00:41:51+00:00,정신 좀 차려 이 양반아! 너 그러다 나가서 막 보험사기 당하고 다단계 끌려가고 신천지 가입하고 그러는 거야!
1301681792613675008,2020-09-04 00:41:38+00:00,신천지 이태원 광화문 이걸 다 잡네 질본 대단해 진짜
1301681678650277888,2020-09-04 00:41:10+00:00,봄에 이런날씨에 한강가야하는데 더러운코로나 신천지 ㅗㅗㅗ 했는데 가을에 이런날씨에 한강가야하는데 더러운코로나 개독 ㅗㅗㅗ 할줄이야 ㅅㅂ
1301679984491200512,2020-09-04 00:34:27+00:00,신천지 때도 계명대 ㅈㄹ난리 나더니 고릴라박 계명대 출신이구나.
1301674972612501504,2020-09-04 00:14:32+00:00,언레기들이 이만희 vs 전광훈 즉 똥 vs 설사똥을 비교하면서 신천지를 띄워주고 있네? 신천지 때문에 추미애 법무장관이 신변보호를 요청했었다구.
1301670007055638528,2020-09-03 23:54:48+00:00,솔직히 개신 기독교계에서 이단을 논하는거 자체가 웃김. 순복음교회의 현재를 봐도. 오히려 신천지가 순한맛으로 느껴지니. 전광훈과 일장기부대같은 미치광이 집단을 양성하는 기성 개신 기독교계를 보면 누가 누구를 이단이라 할 자격이 있나? 전염병으로 드러나는 기독교 민낯 가관.
1301662297782247434,2020-09-03 23:24:10+00:00,"코로나의 역습

이단 신천지 이만희는 국민께 죄송하다고 사과하고, 사탄 사랑제일교회 전광훈은 정부가 자신에게 죄를 뒤집어 쒸운다고 지라리다.

이단이나 사탄이나 전부 물리쳐야 할 족속들."
1301647587649306625,2020-09-03 22:25:42+00:00,신천지는 작은 북한이네.
1301645425313640448,2020-09-03 22:17:07+00:00,코로나만 보면 신천지가 기독교를 이단으로 배격해도 쉽게 부정을 하기 어려워 보이네
1301641180292161536,2020-09-03 22:00:15+00:00,"이만희 개새끼 신천지는 날 걸러라
●자동트●"
1301584203801264128,2020-09-03 18:13:51+00:00,"ㅋㅋㅋㅋ코로나 종식 실트 신천지네
삿고있네 진짜 느그도 똑같애"
1301580702647947264,2020-09-03 17:59:56+00:00,"한승우 신천지
한승우 비앙카
한승우 미통당
한승우 자한당
한승우 느개비
한승우 게이
한승우 워너비
한승우 게이클럽
한승우 이태원
한승우 피자스쿨 
한승우 애비
한승우 적폐"
1301572365344677890,2020-09-03 17:26:48+00:00,갑자기 고3때 성경공부를 빙의한 신천지? 인지 모를 모임에 반강제 참여했던거 기억난다..다시 생각하면 미친거지만 그때 진짜 심적으로 오락가락하고 많이 불안했었던 시기라 더 그런것 같어...
1301565185828835329,2020-09-03 16:58:16+00:00,오늘 한 몇 시간 고민하니까 저 새끼가 사실은 조직폭력집단을 가장한 신천지가 아닐까 하는 결론에 다다르더라
1301546795223248904,2020-09-03 15:45:12+00:00,"구독러 중에

1. 내가 여자사람이다(선택)
2. 일베랑 갤남이 싫다(필수)
3. 신천지나 개독이 싫다(필수)
4. 문구류를 좋아하며 맞팔을 원한다(필수)

언제든 멘션 주십셔 맞팔 갑니다"
1301539206645207046,2020-09-03 15:15:02+00:00,"신천지 이만희가 정상으로 보일 줄이야...

#전광훈 이시끼"
1301533446800506881,2020-09-03 14:52:09+00:00,그러네시발 신천지는 숙이기라도 하네
1301531860887977984,2020-09-03 14:45:51+00:00,"신천지발 코로나19 확산 때부터 시작된 사회적 거리두기 200일째. 뼛속까지 집순이인 나도 이렇게 힘든데, 올해 1학년이 된 아이는 꿈 속에서만 친구들을 만나고 있다. 너무 가엽고 어른으로써 미안하다."
1301531288529117185,2020-09-03 14:43:35+00:00,좆광훈과 그의 후장 따까리들한테 신천지보다 못한 병신새끼들이라고 하면 발악한다던데
1301530982470696961,2020-09-03 14:42:22+00:00,"진작에 일기쓰는 습관을 가질걸 올해 2020년은 정말 일이 너무 많다..코롱나,N번방사건,신천지,사랑제일교회,길고긴 장마,3개의 거대한 태풍들,의사 파업선언..."
1301530184953270277,2020-09-03 14:39:12+00:00,어머니랑 전광훈 얘기 하다가 급기야 신천지가 양반이었단 소리가 나오고 맒 ㅋㅋㅋ ㅠㅠ
1301527171396034561,2020-09-03 14:27:13+00:00,안좋아할 순 잇음 근데 싫어한다?완전 일베 사이비 신천지임..
1301526910275522560,2020-09-03 14:26:11+00:00,홋군 버군 싫어하면 신천지 일베 사이비 이거 진짜
1301526623775125507,2020-09-03 14:25:02+00:00,"우와.. 이젠 추억이 된 신천지 31번 환자..나는 신상 다 털릴 줄 알았더니 지금까지도 신분 보호 철저..
31번이 최고 빌런 일 줄 알았는데,전광훈이 나오기 전까지..
아득하다, 31번.."
1301525020368273408,2020-09-03 14:18:40+00:00,"신천지도 국민 건강에 해끼쳐서 미안하다 하는 시국에 전광훈???????

신천지만도 못한 새끼들 ㅋㅋㅋㅋㅋ"
1301519711243571201,2020-09-03 13:57:34+00:00,"이단이라는 신천지는 혈장 공여로 칭찬 듣고
보수 개신교는 방역 방해로 코로나 퍼뜨려 미친놈 디질놈 욕 듣고 우짤래.

하나님 많이 슬프시겠다.
이 독사의 자슥들아...."
1301505820312530945,2020-09-03 13:02:23+00:00,아니 어떻게 이만희가 다시 보니 선녀 취급까지 온 건가... 신천지보다 더 나락이 있단 거 자체도 놀랍고 이렇게 말하기엔 아직도 가족에게 돌아오지 않은 신천지 성도 너무 많고
1301503856266760192,2020-09-03 12:54:34+00:00,"으 신천지나 전광훈네 패거리나 시발 말 안통하는 새끼들은 디그다마냥 대가리만 빼고 다 파묻어놓고 대가리를 발로 차버리고 싶음
나 학교가고싶다고
실험실들어간다고 말하러 가고싶다고 옘병 개새끼들ㄹ아 나 내년에ㅠ졸업인데 실기경험 어느세월에 쌓냐고
실트에 또 보니까 지랄하는게 빡친다"
1301500512588582912,2020-09-03 12:41:17+00:00,신천지새끼들 좀 닥치고 살았으면 좋겠다 온갖 착한척은 다해 ㅂㅅ들이
1301499851931148295,2020-09-03 12:38:40+00:00,역병 종식 실트길래 뭔가하고 들어갔는데 신천지 개많아 오늘의 블좌 수준
1301499792615333888,2020-09-03 12:38:25+00:00,신천지....... 코로나19종식이라고 실트뜨길래 기분 좋아하면서 들어가 봤는데 기도.... 하이고.....
1301499514847522817,2020-09-03 12:37:19+00:00,"신천지도 못 조져서 코로나 종식 기도회한다 지랄하는데, 지금의 극우집단이나 개신교도 나중에 다시 기어오르겠지"
1301499354931318784,2020-09-03 12:36:41+00:00,"신천지 이만희 총회장 ""국민에게 건강상 염려끼친 점 사죄"" - 이단교가 기독교보다 더 이성적으로 느껴진다. 그래서, 광기로 가득찬 기존교회로 침투가 가능했나??"
1301491810510929920,2020-09-03 12:06:42+00:00,우리 어머니....... 독실한 천주교 신자신데;;;;; 올해들어서;; 성당 10번은 가셨어요? 하고 물으니.. 초기엔 그나마 방역이 잘되서... 10번은 넘게 가지 않았겠나? 싶다고 대답하심;;;;;;;;; ㅠㅠ 이게 다 개독 신천지 때문이다!!!!!!!!!!
1301490584457302016,2020-09-03 12:01:50+00:00,개신교가 깽판 쳐놓으니까 이제 신천지는 그냥 제일사랑교회 2중대같음...
1301483603663024128,2020-09-03 11:34:06+00:00,"신천지시키들 다시 슬슬 기어나오네^^
다시 곱게 들어가라 시밤"
1301480771589271552,2020-09-03 11:22:50+00:00,"1월 입사, 호주 산불, 코로나
2월 대구 신천지,코로나
3월 n번방 조×빈, 코로나
4월 안동산불, 1호선탈선, 코로나
5월 게이 클럽,  코로나
6월 남북공동연락사무소 폭발,코로나
7월 인천수돗물 유충, 코로나
8월 바비태풍, 코로나 2단계
9월 마이삭 태풍 코로나 2단계
2020년... 한해.."
1301480080661647367,2020-09-03 11:20:06+00:00,"우리나라 개신교 신자 비율이 약19.8%인데, 신천지+사랑제일교회 확진자 비율만 약 30%...
그 외 개신교 신자와 그 접촉자까지 합하면 개신교 문제가 진짜 심각하긴 하네"
1301466997780144128,2020-09-03 10:28:07+00:00,신천지는 무조건 차단한다.
1301464687083548672,2020-09-03 10:18:56+00:00,신천지 열일하네😳
1301458029498392577,2020-09-03 09:52:28+00:00,나 바늘 공포증이랑 치과공포증 있나 스케일링 받으러 가느니 20살때 신천지 따라가서 돈 뜯긴적 있음(??
1301455675122356225,2020-09-03 09:43:07+00:00,신천지 씨발아
1301450698899337223,2020-09-03 09:23:21+00:00,이만희의 신천지 vs 전광훈의 개독교는 이만희 압승인걸로
1301449881249148928,2020-09-03 09:20:06+00:00,으 코로나19종식 실트 들어가봤더니 신천지였네
1301448916378869760,2020-09-03 09:16:16+00:00,씨발 신천지 새끼들 뭐하노?
1301446424924532743,2020-09-03 09:06:22+00:00,"사랑하는 아버지 하나님, 코로나 바이러스 전염병으로 인해 교회 문을 닫은지 벌써 반 년이 넘었습니다. 때아닌 봉변을 당한 것 같습니다. 인치는 일을 마치고 혼인잔치를 할 줄 알았는데 이게 왠 날벼락입니까? 속히 병마를 물리쳐 주시고, 신천지에 오셔서 영광을 주십시요."
1301444432793751552,2020-09-03 08:58:27+00:00,혈장협조에 큰절하고 사과하는 것만 보면 신천지를 믿어야 할거 같은 분위기네 ㅜㅜ 휴........
1301436311392321537,2020-09-03 08:26:10+00:00,근데 세일러문도 이시국이 끝나야 가능할텐데 과연 괜찮아질까 ㅠ 괜찮아질만하명 신천지 괜찮아 질만하명 교회 괜찮아 질만하니까 광화문 ㅠ
1301435270688993280,2020-09-03 08:22:02+00:00,신천지 -&gt; 전광훈 -&gt; 응 다음은 너야
1301427449159323648,2020-09-03 07:50:57+00:00,이젠 신천지가 멀쩡해보여 ㅡㅡ;;;;;;
1301421590849044480,2020-09-03 07:27:41+00:00,지금까지 확진자 이렇게 뚜드려 맞은적 있었나 없었던거 같은데 신천지라고 이름까였던것도 없고 광화문 집회했다고 이름 나온적도 없었던거 같은데 진짜 속상해
1301418869999857664,2020-09-03 07:16:52+00:00,근데 신천지같은 확실한 개새끼한테 화낼 때도 신도 누가 탈출했다 같은 그럴싸한 가짜뉴스 좀 더 쉽게 믿게 되긴 하더라... 빡치더라도 항상 적당히 빡쳐야 함ㅋㅋㅋ;
1301416369762611206,2020-09-03 07:06:56+00:00,"감염병예방법에 따라 단체의 명단(교인명부)을 요청하거나, 진단검사를 명령을 할 수 있는 사람들은 '감염병에 감염되었을 것으로 의심되는 사람'이다.

신천지나 광화문집회 건에서 과연 이러한 조건이 충족된 사람들의 명단을 요구하고 그러한 사람들에게 진단검사를 명령한 것인가..

그럴리가.."
1301415821516832768,2020-09-03 07:04:45+00:00,아 쟈증나..신천지...후...시간 없다고 가야한다고 그래도 늦어서 우리 만난거 아니냐며 아가씨 기가 좋다며...ㅛㅣ발....늦었다구요 해도 존나 안 놔줘..... 한명이 종알종알 말하고 옆에서 다른 사람이 뭔 주문 같은거 외우는데 존나 무서워 죽는줄알았어요..들을마음 없다하고 나왔는데 다들 조심.
1301414903962415106,2020-09-03 07:01:06+00:00,"신천지가 교회보다 훨씬 나은 듯.
교회를 다니실 거면 걍 관두고 신천지 하세여."
1301414132592197632,2020-09-03 06:58:02+00:00,갑자기 유튜브에 신천지 영상 뜨네ㅋㅋㅋ 님들 저 옛날에 신천지 포교당할뻔했어요ㅋㄱㅋ 고딩때 친햇던 친구가 갑자기 연락와서 재밋게 놀앗는데 그게 시작이엇음 그래서 교육프로그램도 다니고 그랫는데 에휴... 시발
1301408399461027840,2020-09-03 06:35:16+00:00,왜 스스로를 칭찬하지 않습니까!! 전광훈이나 신천지같은 개갞끼들도 있고 고맙다는 인사를 받는 의료진들도 있지만.. 그들 모두 일한만큼 벌어갑니다.. 안이한 태도로 방역수칙 무시하고 국민들이 조심하지 않았다면 인턴 레지같은 전공의 것들과 수고하는 선생들조차 쓰러졌을것입니다!!
1301368064085090306,2020-09-03 03:54:59+00:00,전쟁에 있어 확실히 병사는 소모품입니다. 허나 나라의 기본이 되는 백성을 가볍게 여기는 국가는 머지않아 결국은 망하겠지요. 신천지를 손에 넣어도 씨앗을 잃어서는 번영 같은 걸 꿈꿀 수 있겠습니까?
1301364606510624768,2020-09-03 03:41:15+00:00,"신천지인지 똥천지인지 개시끼들, 암만 중공 똥 받아처박고 사는 현정권이 막지 않았다 하더라도 초반에 느덜이 알아서 장례식이고 나발이고 적정선에서 막았어도 이 지경 까진 안 왔을거다. 
#중공유입설도초반에확실해졌을테고 

하긴 개독서 파생된 사이비들이 오죽하겠어?"
1301359776371101696,2020-09-03 03:22:03+00:00,모냐 왜 갑자기 트위터 로봇운운하면서 검열하냐..  코로나 교회 신천지 검열대상인거야?
1301357293942972417,2020-09-03 03:12:11+00:00,"이전에 신천지에서 코로나 기부금으로 120억원을 준걸 반환했을때 저 아까운 돈 왜 반환하냐고 했잖음.
걱정할거 없는게 지금 신천지를 상대로 손해배상 구상권 1000억 요구중임."
1301351392255209472,2020-09-03 02:48:44+00:00,"&lt; 코로나가 가져다 준 교훈 &gt;
비전문가의 대구와 K방역
미통당의 (국민의힘) 무능과 부패
신천지, 사랑제일교회의 재발견
검찰의 미친 선택적 정의
박원순 시장의 죽음과 김재련 변호사
의사=일베"
1301340390193156096,2020-09-03 02:05:01+00:00,"이제 그냥 교회나 신천지나 똑같이 느껴진다 한 치의 오차도 없음
신천지 이미지가 좋아졌다는게 아니라 신천지는 안 그래도 바닥인거 더 바닥까지 치고 내려갔는데 교회도 그 바닥에 같이 붙어있음"
1301332132615208960,2020-09-03 01:32:12+00:00,"전광훈 맞나?? 아무튼 진짜 존나 열빋음
신천지랑 사랑제일이랑 싸그리 다 화형시키면 안 되나요
대한민국 공권력 살아있다며 대통령님아 
신천지사태랑 광화문시위때메 자영업자 다 죽게 생겼어요
죽으면 원한 품은 영혼이 돼서 존나게 괴롭힐거야 이단 다니는 사람들 시발럼들... 좃같네"
1301319412893380613,2020-09-03 00:41:40+00:00,다이나믹 2020년... n번방으로 시작해 코로롱 신천지 게이클럽 전광훈 터지고 쌉지리는 장마에 태풍 세 번...
1301316107140096000,2020-09-03 00:28:31+00:00,ㅁㅊ....ㅋ....신천지들에게 쫓기는 꿈꿧음....막판에는 다짜고짜 내 머리를 자르려고 하는 미친놈 있어서 제압함.....
1301293628434780161,2020-09-02 22:59:12+00:00,신천지 때만해도 '31번' 확진자였는데...지금은 뭐..번호를 매길수도없네 어휴
1301230355324612611,2020-09-02 18:47:47+00:00,"#혈장공여
뉴스1-당국, #혈장공여 신천지에 두차례 ""감사""…""포용·용서·단합 거리두기 큰 힘""

#사회적_거리두기 
#혈장공여대구교회_1100"
1336163620833529856,2020-12-08 04:20:06+00:00,요즘 코로나 때문에 헬스도 못하니 뱃살 다시 나오는 듯ㅠㅠ 그래서 식단 관리라도 하려고 단백질쉐이크 챙겨 먹고 있는데 이거 진짜 괜찮네요. 포만감이 오래가서 자기 전까지 안배고픔;; 물이랑도 잘 섞이고 맛도 존맛ㅋㅋ 지금 세일하니까 필요한 사람 ㄱㄱ
1301211187326091266,2020-09-02 17:31:37+00:00,나 예전에 본계에 신천지 여러명이 계속 나 팔로해서 직멘으로 팔로하면.죽쏘. 이랬던거 기억난다
1301209807622410240,2020-09-02 17:26:08+00:00,"전광훈인가 뭔가하는 자칭 목사놈
불사능력주고 구속한다음 매일 고통 줘야한다고 생각한다.
신천지 개샠야 니들도 마찬가지야 이만희 개새끼야 라는 대충이런식의 만화를 그려보고싶다."
1301206429060136960,2020-09-02 17:12:42+00:00,"2020년 대한민국
코로나 / 신천지 / 광복절집회 / 기독교 / 의사

다섯 장군에게 당해버렸다

야발"
1301204033642921984,2020-09-02 17:03:11+00:00,일베 태극기부대 신천지 의사들 사랑제일교회신도 이들의 공통점은 극우라는거다.대한민국 독재자를 우상화하고 일본을 치켜세우지.대한민국의 아픈역사를 조롱하고 덮어버리려고하지.독립운동과 민주화운동을 배척하지.
1301203988919058433,2020-09-02 17:03:00+00:00,개독교는 이제 신천지보고 뭐라 못하겠다
1301196839484448774,2020-09-02 16:34:36+00:00,하아 원래 내일 동네쪽에서 컨촬 예정이었는데 우리 동네에서 확진자 나오고 이 근처에 신천지인가 아무튼 내가 모르는 사이비 교회도 많아서 그냥 접음..ㅠㅠㅠㅠㅠㅠㅠ 태풍도 온다 그러고.. 우울해짐
1301181596616126464,2020-09-02 15:34:02+00:00,"정부가 신천지에 이어 사랑제일교회 죽이기에 나섰다.
정통 기독교 교단도 빌미만 주면 그 대상이 될 것 같다.
기독교 지도자들은 우선 비난을 피하기 위해 전광훈과 선긋기에 골몰하고 있는데 이는 단견이다. 전광훈으로 끝날 것이 아니다. 한때 엇나갔던 서자도 자식이다."
1301180219609370625,2020-09-02 15:28:33+00:00,"정말.....근데 지금이 그 어느때보다 심각한게.... 정말로 신천지때와 다르게 자기가 왜, 아니 걸렸는지도 모르게 이미 걸려서 상태악화가 진행되고 있어요. 심각한게..어디서, 왜, 어떻게인지 그 경로를 알 수없는 상황이 너무 자주 발생한다는거야..체감으로 느낄정도로."
1301178420919820289,2020-09-02 15:21:24+00:00,"#코로나
1차 신천지, 2차 이태원 클럽, 3차 사랑제일교회.
문재인은 과연 다음 재유행 때 책임을 누구에게 떠넘길까?
불교는 민노총이 있어서 쉽게 건드리지 못할거고 대순진리나 통일교는 워낙 조직이 탄탄한 강성이라 대깨문이 커버 못 할거고 만만하면서 그동안 사회적으로 이미지 좋지 않은 집단"
1301173448266321920,2020-09-02 15:01:39+00:00,신천지는 코19 극복 온라인 기도회를 개최한다네. 한국 개신교가 이단한테 완패했다.
1301162700689428481,2020-09-02 14:18:56+00:00,우리 후문에 아예 신천지 카페도 있고 그랬는데..
1301162158617583617,2020-09-02 14:16:47+00:00,"한승우 논산 안간다고요
한승우 신천지 아니라고요 
한승우 양상국 아니라고요
한승우 일베회원 아니라고요
한승우 롯데리아케첩도둑 아니라고요"
1301162084911050752,2020-09-02 14:16:30+00:00,맞아 신천지 진짜
1301159566957191168,2020-09-02 14:06:29+00:00,신천지 못지 않게 대순진리교도 포교??활동 하는거 진짜 좆같아. 사람 트라우마나 괴로움 이용하는 거 보면 그냥 탈인간임 좇같아. 당당하면 신천지나 자기 소속 말하겠지 그걸 왜 숨기고 따른걸로 유인해내겠어???
1301145110462124033,2020-09-02 13:09:03+00:00,이거 신천지루트아니냐
1301142973107773440,2020-09-02 13:00:33+00:00,"ㄹㅇ 다단계,보험,신천지 아니면 동대문에서 나 봤나"
1301135851859005440,2020-09-02 12:32:15+00:00,"신천지든 러브젤교회든 뭐든 시바 대가리 다 깨버리고 싶다ㅠ
드콘 코뮤페 영상보고오니까 미치겠다
시발...ㅠ.... 콘서트 가고 싶어 시발...ㅠㅠ...."
1301133368789090304,2020-09-02 12:22:23+00:00,아 진짜 페어별로 존맛이었는데...하..신천지개샛기들..
1301131275911049217,2020-09-02 12:14:04+00:00,"RT 아니 근데 ㅇㄱㄹㅇ
야...이만희도 미안하다고 기자회견했다.
신천지 추수밭이 왜 기성개신교인지 알 것 같은..."
1301129866654277634,2020-09-02 12:08:28+00:00,신천지 알티해서 봤더니 아예 신천지인이었냐ㅋㅋㅋㅋㅋ외 나랑 맞팔임
1301129281016193025,2020-09-02 12:06:09+00:00,"신천지 회관 코로나 사태라 문닫은걸로 아는데
몰래몰래 한명씩 들가는건지
지나가다가 누구 문열고 들어가는거 봄"
1301129109217583105,2020-09-02 12:05:28+00:00,어메이징 2020년이다. N번방 사건에 코로나에 신천지에 사이비에 태풍에
1301129099679653888,2020-09-02 12:05:25+00:00,"본래 지구가 천국이었고, 신천지가 창조됨으로 다시 천국이 되었는데, 어리석은 자들이여 천국을 어디에서 찾는가? 천국을 찾으러 어디를 해매고 다니는가? 좋은 씨를 뿌린 곳이 천국이었고, 이제는 알곡을 추수한 곳이 천국이다. 주저 없이 오너라, 함께 영생하자꾸나."
1301126207958740992,2020-09-02 11:53:56+00:00,"도로가 나무 위의 까치집이 엉성하다. 지붕도 없다. 거기서 새끼를 까고 길렀다. 개울의 오리는 집도 없다. 장마철에 새끼를 까고 길렀다. 사람으로 태어난 것이 복이다. 게다가 신천지까지 왔으니 대복이다. 무엇이 부족한가? 감사하자, 감사하자, 영원토록."
1301125840307015681,2020-09-02 11:52:28+00:00,신천지아냐?ㅋㅋㅋㅋㅋ
1301124556631846919,2020-09-02 11:47:22+00:00,"코로롱 종식 온라인...
신천지 또 너야?"
1301124458518687745,2020-09-02 11:46:59+00:00,"이걸...신천지새끼들이..못보게,...(피어오르는 벽ㄹ력같은 증오
이거 앞열에서 보면...구르는 옷깃에 바람이 일어서 객석에 불거든요..개짱임.."
1301123503383433216,2020-09-02 11:43:11+00:00,"전광훈목사야 너부터사과해라

신천지는 사과했는데?

니가 뭔데 대통령한데 사과하라고 그래?

순교 조까라고그래라 신학대학원도 제대로 안나온것이

무슨 목사야 

#전광훈 #이단교주 #구속"
1301122596079988736,2020-09-02 11:39:35+00:00,"대한민국의 권력 서열이 어떻게 되는지 아느냐. 1위는 개신교, 2위는 수능 고득점자이고, 신천지는 3위에 불과하다."
1301122425501884417,2020-09-02 11:38:54+00:00,이단이 더 낫다는 생각이 든건 이번이 처음이다. 신천지는 기부라도 했지!!!!!!! 미친 것들 어디서 한 나라 대통령에게 지가 뭔데 사과하라 마라야. 니 목숨은 니꺼니 알아서 하시게나.
1301122301136531458,2020-09-02 11:38:24+00:00,아!! 노래방 가고 싶다고 신천지 사랑제일교회 도레미파솔라시발새끼들아!!
1301116983782506501,2020-09-02 11:17:17+00:00,신천지아니었으면 이것도 가서 봤는데진짜아...
1301115997026361344,2020-09-02 11:13:21+00:00,온라인 기도회 실트라 뭐야... 드디어 정신차린 종교인이?!했는데 신천지 이 ** 병 주고 약 주고냐? 아니 약 준 것도 아냐 걍... 병 주고 들여다보기 **
1301115680909963264,2020-09-02 11:12:06+00:00,코로나 19 종식 온라인 듣고 온라인수업인가? 이러고있었는데 아;;;신천지;; 누가 누굴위해 기도해? 31번 신천지때문에 몇천명까지 확진자 나왔으면서 흡사 가해자들이 '우리가 저질렀지만 기도는할게' 라는 꼴인데???
1301114982528987138,2020-09-02 11:09:20+00:00,"여러분 에덴동산이라구 아시나요??
친구가 신천지 얘기 꺼내서 마침 생각난 얘긴데
가평에 숲속 깊숙히 있던 놀이동산인데 음침하고, 뭔가 쎄한데 가족이 한번 들어가보자고 해서 결국 들어가봤거든요. 이따가 씻고나와서 타래에 맘 찍어주신 만큼 보고 들었던거 다 풀어드립니다😨"
1301112649476833280,2020-09-02 11:00:03+00:00,"#신천지 #코로나_극복
🌸코로나 종식을 위해..기도드립니다

코로나19 종식 위해서는 온 국민의 포용과 사랑, 단합이 절실,최일선에서 노력하는 보건당국 관계자와 의료진,환자들의 수고와 고통을 덜기 위해 신앙인으로서 할 수 있는 기도의 힘을 보태고자 하는 것으로 하나님께서 간절한 기도드림🙏🏻"
1301111815682678785,2020-09-02 10:56:45+00:00,신천지때만해도 9월이면 오프갈 수 있을 줄 알았지ㅠ
1301111270658076675,2020-09-02 10:54:35+00:00,"[#24현문현답] #현답 6

흉악 #범죄 사건의 증가에 따라
흉악범의 수도 늘어나는 추세입니다.

범죄심리학자도 알지 못하는 근본의 #문제
‘#악신(惡神)과 인간의 #관계’를
현답에서 확인해 보세요

#뉴노멀 #포스트코로나 #비대면
#신천지 #예수교회 #이만희 #총회장님 #답변 
#이병철 #회장님의 #종교"
1301110692204797953,2020-09-02 10:52:17+00:00,지금 코로나 19 종식 온라인 실트에 있는 사람들 싹다 블락하면 신천지 없는 깔끔한 트위터 가능
1301108879879671808,2020-09-02 10:45:05+00:00,"외신 ‘Bio Spectrum'은 지난 20일(현지시간) 신천지가 코로나19 치료를 위해 830억 달러(한화 약 98조 1890억원) 상당의 혈장을 공여했다고 보도했다
대구 신천지성도 1700여명이 애국애족하는 마음으로 무상공여!👆"
1301107470316707840,2020-09-02 10:39:28+00:00,ㅅㅂ 신천지였잔아
1301105958592999425,2020-09-02 10:33:28+00:00,신천지새끼들 지들이 웨이브 하나 만들어놓고 존나뻔뻔하게 종식기도회하네 미친새끼들
1301105583773290498,2020-09-02 10:31:59+00:00,개신교보다 신천지가 나았다 하는 것들이 많아지니 신천지가 또 튀어나오잖아. 어휴. 진짜 가지가지하네.
1301103689373941760,2020-09-02 10:24:27+00:00,"유튭에서 우연히 신천지 탈퇴자 영상 보고 타고 타고 타고 계속 봤는데 무슨 단체 사기단이던데ㅋㅋㅋㅋ 데려가려고 여러명이 한 명 타겟으로 판 짜서 역할극 놀이ㅋㅋㅋㅋㅋ
이야 그 정도일 줄은 몰랐다..."
1301103606544834561,2020-09-02 10:24:07+00:00,신천지 뭐하냐
1301101877833031680,2020-09-02 10:17:15+00:00,신천지 양심 뒤졌기로는 사랑제일교회 뺨친다 지들 종교에서 나온 슈퍼전파자때문에 한번 애먹었던거 뭐 아주 먼 과거의 일이야?;;;; 온라인예배고 뭐고 조용히좀 했으면 좋겠다 진짜
1301101341981331457,2020-09-02 10:15:07+00:00,신천지보다 더 악질이라고 하는데 단박에 수긍이 간닼ㅋㅋㅋㅋ전광훈 교회 신자들도 그렇고 인간들이 죄책감이라고는 1도 없고 그야말로 사탄임. 전광훈 저새끼 이 사태 이전부터 맨날 광화문집회 소집하고 별 망발을 일삼는 개놈이엇는데 전국민이 다 알게 돼서 그거 하나 좋네 시발
1301098439443247107,2020-09-02 10:03:35+00:00,"그리고 내가 두려워했던것만큼
잔인한 장면은 없었음
그냥 한니발 순한맛같아
거기에 신천지 한스푼"
1301097179096834049,2020-09-02 09:58:35+00:00,와 실트에 종식기원 온라인기도회 신천지가하는거였음 진짜 이렇게 뻔뻔할수가
1301095485264936960,2020-09-02 09:51:51+00:00,"코로나19 종식 온라인이란 게 트렌드길래 '어디 기업체서 홍보라도 하나?'싶었는데, 신천지가 온라인 기도회 한다는 거더라.

가만히 있으면 밉지라도 않지.
사고는 첫빠따로 끊어놓고 무슨...

교회가 여기다 비벼지는 게 가능한 현실에 헛웃음밖에 안 나온다."
1301095052509196288,2020-09-02 09:50:08+00:00,코로롱 종식 온라인이 뭔가 하고 눌러봤다가 눈만 버렸다 신천지 시발
1301093045643784192,2020-09-02 09:42:09+00:00,신천지는 트위터에서 꺼져라
1301092942531059714,2020-09-02 09:41:45+00:00,"전광훈, ""나는 선지자""

이렇게 말하는 놈이나
이걸 믿는 놈들이나...ㅉㅉ

이놈과 비교하면
이만희는 사이비도 아니요
신천지는 이단도 아니었구나!"
1301091944660045830,2020-09-02 09:37:47+00:00,뒤질래..신천지겪고도정신못차리는색기들존많
1301089893695717377,2020-09-02 09:29:38+00:00,실트에 ㅋㄹㄴ 19 종식 온라인 기도회 이런거 있길래 어느 종교단체인가 봤더니 신천짘ㅋㅋㅋㅋㅋㅋㅋ
1301088308680732672,2020-09-02 09:23:20+00:00,신천지 코로나 숙주 되었을때 난리가 났었다. 이단이라는둥 사교라는둥 이만희는악마라는둥 ... 정작 보수 기독교계가 코로나숙주가 되니 문재인정부 음모라는둥 코로나는가짜라는둥 미친소리만하고 있다. 신천지보다 개신 기독교계가 더 사회의 악
1301086965647904768,2020-09-02 09:18:00+00:00,신천지에서 코로나 종식 온라인 기도회 무더기 트윗하고 있는 거 같은데 이 친구들 전광훈 보고 고무됐구만...
1301086242197483520,2020-09-02 09:15:07+00:00,아니 이시국까지 오게된게 신천지+교회인데 흠
1301083259086860288,2020-09-02 09:03:16+00:00,아 차라리 그때 정치신천지 나간다고 할때 잡지 않았으면 어땟을까
1301081095560019969,2020-09-02 08:54:40+00:00,아휴. 씨발 신천지는 주는 대로 처먹기라도 했지 씨발새끼들. 남들한테 다 병 옮겨놓고 무슨 밥 얻어 먹을짓 했다고 밥투정이냐. 늬들은 음식물 쓰레기를 먹는다 해도 아까워. 끼친 민폐와 주제를 몰라 왜.
1301079803735416832,2020-09-02 08:49:32+00:00,신천지 이만희가 대국민 사과를 한다고 했을때 얼마나 소란스러웠는지 기억한다. 퇴원 후 오늘 오전 기자회견을 예고까지 했는데 그 주변에 나타나 달걀투척은 고사하고 고함지르며 비난 하는 사람이 있었나? 모여서 성명 발표하던 그 종교 사람들은 다들 어디갔나. 뭐가 다른가. 결국 같은자들이다.
1301079407134605312,2020-09-02 08:47:58+00:00,"6000년만에 영생의 나라 지상천국 신천지를 창조해 주신 하나님께 감사한다. 누구를 위한 시간이었으며, 누구를 위한 피흘림이었나? 온세계 거민을 위한 것이었다. 모든 죽은 자를 위한 것이었다. 그레서 한이 없는 무한한 사랑과 은혜라 한다. 할렐루야, 할렐루야~"
1301077450504302592,2020-09-02 08:40:11+00:00,신천지의 바디로션
1301077226897637377,2020-09-02 08:39:18+00:00,아아 낮에 신천지 교인 하나가 와서 자기네 회장 죽었다며(아마 신천지 지역 지부장쯤 되나봄) 탄원서 싸인해달라기에 매몰차게 거절했고.. 나는 단골 손님 하나 잃었고.. 후후 괜찮다. 원래 조금씩만 사가던 손님이라.
1301076303710281728,2020-09-02 08:35:38+00:00,"신천지의 바디로션
울고 있음"
1301073186453221376,2020-09-02 08:23:15+00:00,"@:@:@:캐치프라이즈 간zi나게짜는법

1. 뜬금없거나 이치에맞지않은 단어 두개를 섞는다
2. 종교/철학 관련 단어를 넣는다
3. 문장으로 쓰지 않는다
4. 꾸밈말+명사로 한다

@:신천지의 바디로션

이새끼들트위터왜안하지"
1301070682667638784,2020-09-02 08:13:18+00:00,"아니 이시국에 신천지가 돌아다녀?
ㅋㅋㅋㅋㅋㅋㅋㅋㅋㅋㅋㅋㅋㅋㅋㅋㅋㅋㅋㅋㅋㅋㅋㅋㅋㅋㅋㅋㅋㅋㅋㅋㅋㅋㅋㅋㅋㅋㅋㅋㅋㅋㅋㅋㅋ"
1301069325617344512,2020-09-02 08:07:54+00:00,실트에 온라인 기도회ㅋㅋㄱㅋㄱㄱㅋ신천지가 하는건데 ㅣㅋㄱㄱㅋㄱㅋㄱㅋ트윗된 걸 보면 그냥ㅋㄱㅋㄱㅋㅋㄱ신천지 사람들이 트윗알바 뛰눈 것 같아 ㅡㅋㄱㅋ
1301065443717779456,2020-09-02 07:52:29+00:00,신천지ㅣㅋㅋㅋㅋㅋㅋㅋㅋㅋㅋㅋㅋㅋㅋㅋㅋㅋㅋㅋㅋㅋㅋㅋㅋㅋㅋㅋㅋㅋㅋㅋㅋㅋㅋㅋㅋㅋㅋㅋㅋㅋㅋㅋㅋㅋㅋㅋㅋㅋㅋㅋㅋㅋㅋㅋㅋㅋㅋㅋㅋㅋㅋㅋㅋㅋㅋㅋㅋㅋㅋㅋㅋㅋ
1301064431535681537,2020-09-02 07:48:27+00:00,"섬팬 들을때마다 드는 생각
: 너무 맞아떨어지면 의심을 하라고!!!! 다 맞는 사람은 신천지랬어 시발!!!!(?)"
1301063843548807168,2020-09-02 07:46:07+00:00,헤븐즈 드씨 듣고 신천지탈출한 이후 한 번도 안펴봤던 성경책을 다시 펴봅니다.
1301061504607772674,2020-09-02 07:36:49+00:00,신천지 신천지 하고 처음에 좀 크게 터지고 정부가 추적 잘해서 잘 대처했구나 했는데 통계 보니까 신천지발 감염자가 5천명이더라.... 그리고 이제 전광훈 개새끼 때문한 최소 1만명은 감염자 발생할거 같네
1301052785018904577,2020-09-02 07:02:10+00:00,전광훈 때문에 이만희 신천지 교주가 재평가 된다. 적어도 이만희는 본인이 설치고 다니면서 확산시킨 것도 아닌데 정중히 사과했지만 전광훈 이건 아주 인간 이하다.
1301042518306353152,2020-09-02 06:21:23+00:00,"순교는 자신이 믿는 신앙을 지키기위해 죽음을 선택하는 건데
이단이라 불리는 신천지에
미쳐도 될 만큼
종교 자유가 보장된 나라에서
전광훈이 
대통령이 사과 안 하면
순교하겠단다 ㅋ
그게 왜 순교야? ㅋㅋㅋ
걍 니 꼴대는 대로 선택한
개죽음이지
ㅋ
구상권 청구 금액 다 토해 내고
죽던지 해라ㅋ"
1301028603363115008,2020-09-02 05:26:05+00:00,"어느익명커뮤니티 ,,,에서
내가 팭벬탟이랑장🌸먹는다하니까
누가 어 나도 먹는데
이래서 기절했다가
친구가 신천지 아니야? 해서 그냥 넘어갔음 ,,,"
1301027797259804672,2020-09-02 05:22:53+00:00,"저랑
댌승와승팭벨탟승범승빵밈갬밈찬승민밈 얘기하실분
이중하나만얘기해도됨!!!!!!!!!!
 ㄴ 다얘기하면 그사람 신천지예요"
1301026584984338434,2020-09-02 05:18:04+00:00,"저랑
긍미니용스이치후니계혀니이셔니 얘기하실분
이중하나만얘기해도됨!!!!!!!!!!
 ㄴ 다얘기하면 그사람 신천지예요"
1301026544152846337,2020-09-02 05:17:54+00:00,광복절 터졌을 때 이만희가 신천지는 잘하고 있다 ㅇㅈㄹ 했었나? 고소장을 3개월째 안받고 있다는데?
1301022144143355909,2020-09-02 05:00:25+00:00,신천지라면 맞아들어가지.
1301020393147301889,2020-09-02 04:53:28+00:00,신천지보다 100배는 악질이네
1301017887457464322,2020-09-02 04:43:30+00:00,"아 진짜 한국 1차 신천지 헬조선이후로 2차 헬조선되버린거 8.15 집회 못 막아서인건데 더 빡치는건 저게 같은 기독교사람들이 그랬다는거.....

ㅋㅋㅋㅋ어이가 없다 어이가없어"
1301007423092617217,2020-09-02 04:01:55+00:00,신천지때도 그렇고 저런 미친놈에게 왜 자꾸 마이크를 쥐어주냐고
1300999151358889984,2020-09-02 03:29:03+00:00,코로나 욕밖에 안하고 사는데....전광훈 죽어라 이태원클럽남 죽어라 신천지 죽어라 정도
1300991924141129729,2020-09-02 03:00:20+00:00,정은경 본부장 없었으면 지금쯤 대한민국 질병 아포칼립스 영화 하나 찍고 쑥대밭 됐을 거 같은데. 누가 누굴 고소해. 정은경 본부장이 신천지랑 사랑제일교회 고소해도 모자랄 판에.
1300988045479440384,2020-09-02 02:44:55+00:00,"신천지나 보수 꼴통 기독교나 대중의 입장에선 오십보 백보, ""뭐 묻은 개가 뭐 묻은 개 나무란다.""에서 둘 다 뭐 묻은 개일 뿐...

별로 달라보이지도 않는 것이 현실..."
1300987446939668480,2020-09-02 02:42:33+00:00,"아무거나에다가 막 ""자유""를 가져다 붙이는 것이 유행인가? 

지네 말대로 역병이 퍼지는 상황에서도 대면예배를 하는 것이 ""종교의 자유""라면 

신천지가 무슨 소리를 해도 기독교는 아무 할 말이 없겠네?

아무거나 ""자유"" 붙인다고 다 말 되는 거여?"
1300972661204344837,2020-09-02 01:43:47+00:00,뮤츠에볼루션 일본불매운동에 신천지에 이태원 클럽에 광화문집회에...ㅠㅠㅠ 아 진짜 욕나오네ㅠㅜㅠㅠㅠ
1300972554601951233,2020-09-02 01:43:22+00:00,피티 체조 마지 공감... 끝나간다~ 싶음 신천지^^ 끝나간다~~~~ 하니까 815시위 다음은 이제 끝나가나보다~~~ 하고 추석대이동일거임... 조오오오상님들 제사상 안차리면 안된다는 5-60대 꼰대들이 지랄할거거든...
1300969677225521154,2020-09-02 01:31:56+00:00,사랑제일교회 감히 정은경 본부장을 건들다니. 신천지도 이렇게 막나가지는 않았는데. 종교랑 정치권이 손을 잡은 사탄은 지들 목구멍으로 폭탄을 넣네?
1300964317559365633,2020-09-02 01:10:38+00:00,"이번에 알았다.
우리나라엔
신천지만도 못한 교회가 있었다는걸."
1300947694383366144,2020-09-02 00:04:35+00:00,코로나 상황에서 확진자가 나오지 않은 카톨릭이 최고고 그 다음이 불교...개신교나 신천지는 박멸이 답
1300947020392267782,2020-09-02 00:01:54+00:00,코로나의 순기능? 신천지 개독 일베배후세력이 그 본모습울 드러내다
1300946933020729344,2020-09-02 00:01:33+00:00,"전세계적으로 코로나 변종이 많이 발견되었는데, 우리나라엔 변종이 4개있었고
1형 신천지코로나
2형 대구권영진코로나
3형 이태원나이트코로나
4형 광화문기독교코로나
..."
1300914092576616449,2020-09-01 21:51:04+00:00,전 오늘 이시국에 학교를 갑니다..신천지 개새ㄲ
1300906328097918976,2020-09-01 21:20:12+00:00,"사랑하는 아버지 하나님, 현재 지구상의 모든 사람들은 죄와 영원한 심판 아래 놓였으며, 그 중에서 신천지 열 두 지파 성도들만 어린 양의 피로 구원을 받았습니다. 이 피는 구약을 이룬 초림 때의 그 피가 아니라 신약을 이룬 재림의 어린 양의 피입니다. 할렐루야~"
1300902072145989633,2020-09-01 21:03:18+00:00,"정부 쿠폰으로 다음 주까지 4만 가구 여행 떠난다

이번 코로나 확산의 원인은 문가 정권 부추겨 일어난 무능한 정책으로 일어난 재앙이네!
그런데 애꿎은 광화문 집회로 몰아갔네 1차 확산을 신천지에 몰아세우듯이"
1300855209778843649,2020-09-01 17:57:05+00:00,"신천지 처럼 스며드는 애들도 있나?
ㅋㅋㅋㅋㅋㅋ"
1300844388524802050,2020-09-01 17:14:05+00:00,"저랑
김인성제이승준밤규깡계런깅동주 얘기하실분
이중하나만얘기해도됨!!!!!!!!!!
 ㄴ 다얘기하면 그사람 신천지예요"
1300835776867913729,2020-09-01 16:39:52+00:00,"신천지 보다 못한
전광훈이라 욕했는데
좀 있음
검찰보다 못한 의사 소리
나오겠다"
1300812118925615105,2020-09-01 15:05:51+00:00,2월에 개인전이 예정되어 있던 아는 작가님은 개인전 앞두고 신천지 사태가 터져서 전시를 미뤘는데 전시 일주일도 남기지 않고 전광훈 사태가 터졌다. 더 이상 미룰수도 없어 그대로 진행했고 오늘이 마지막 날이라 다녀왔다.
1336163620833529856,2020-12-08 04:20:06+00:00,요즘 코로나 때문에 헬스도 못하니 뱃살 다시 나오는 듯ㅠㅠ 그래서 식단 관리라도 하려고 단백질쉐이크 챙겨 먹고 있는데 이거 진짜 괜찮네요. 포만감이 오래가서 자기 전까지 안배고픔;; 물이랑도 잘 섞이고 맛도 존맛ㅋㅋ 지금 세일하니까 필요한 사람 ㄱㄱ
1300807054798454784,2020-09-01 14:45:44+00:00,"그친구 생각하면 너무 속상해,, 나를 외 신천지에 빠지게 하려고 핻니...... 원래 이런 배신감 드는 행동 하면 사람 자체를 혐오하게 되는데 이친구는 그렇지 않고 걍,, 아직도 좀 안 믿기고 안타깝고 속상하고 그럼 ㄱㅠ"
1300799556402049026,2020-09-01 14:15:56+00:00,"시로바코 관련 공지 보니
신천지 사태 터졌을 즈음 어떤 분이 쓰신 글이 새삼 생각난다. 
""올해 개봉 영화들은 코로나가 잠잠해질 즈음 비공식적으로라도 재개봉해야 한다""
(당시 버즈 오브 프레이, 정직한 후보, 남산의 부장들 등이 같이 상영중이었던 것으로 기억)"
1300798147791220737,2020-09-01 14:10:20+00:00,대구에 있을땐 신천지가 난리.... 수도권오니까 수도권이 지랄이네 아주
1300796744674893825,2020-09-01 14:04:46+00:00,"코로나 떄문이라고 는 하지만

실체는

무개념 아베
무개념 신천지
무개념 빤스목사

때문에 덕질에 문제가 넘 많이 생긴다

코로나라기보다는
저 3가지가 제일 큰 덕질라이프 
방해요소"
1300788406348283912,2020-09-01 13:31:38+00:00,ㄹㅇ 사이비가 존나게 무서운거임 과에서 신천지로 끌려간 사람 두명봣는데 하나는 걔고 하나는 동기언닌데 존나 무서움
1300787043124105216,2020-09-01 13:26:13+00:00,대학갓을때 신입생 단톡에 페그오 프사인애 잇긴햇는데 걔 신천지됏어
1300776336110178311,2020-09-01 12:43:40+00:00,"군란 = 하나회/육사 주동.
검난 = 윤짜장/한동훈 주동.
법란 = 양승태 주동.
교란 = 개독 전광훈/이단 신천지 주동.
의란 = 일베 주동.

(배후: 국민의 적+기레기)"
1300771956967391232,2020-09-01 12:26:16+00:00,신천지를 왜 믿죠 여기 창세님이 계신데
1300764083839406081,2020-09-01 11:54:59+00:00,전쟁에 있어 확실히 병사는 소모품입니다. 허나 나라의 기본이 되는 백성을 가볍게 여기는 국가는 머지않아 결국은 망하겠지요. 신천지를 손에 넣어도 씨앗을 잃어서는 번영 같은 걸 꿈꿀 수 있겠습니까?
1300756417335320576,2020-09-01 11:24:31+00:00,사실 난 신천지에 빠진 사람들도 하나도 불쌍하지 않았고 사랑제일교회에 빠진 사람들도 하나도 불쌍하지 않다.
1300747009222045697,2020-09-01 10:47:08+00:00,"아니 hhj 진짜 그 무섭고 성질더러운 미남 치와와같은 얼굴로
조금만 큰소리 나도 쫄고
남말 잘 믿어서 신천지 끌려가고
지 감성 좀만 이해해주고 들어줘도 홀랑 넘어가버리고
비즈공예랑 레즈소설 좋아하고
드라마 우리 할머니보다 자주보고
맨날 울고 울다가 오뚜기처럼 다시 훌쩍거리먀 일어나고"
1300744414445223936,2020-09-01 10:36:49+00:00,신천지고 러브젤이고 사이비 니네랑 개누리 새끼덜아 니네 때문에 추석이고 어무이 생신이고 본가를 못 가잖아 진짜 작작 나대
1300712679456165889,2020-09-01 08:30:43+00:00,신천지 올려치지 마세요 시발 사랑제일 교회가 개 씨발놈이라 좀 나마보이는 거지 니네도 좆쟁이야 조팔 신봉자들 그 시간에 믱키교나 믿으란말이야
1300712493594017794,2020-09-01 08:29:59+00:00,저번 신천지 때는 신천지 비난하더니 교회발 감염 늘어나니 아무 말도 안하는 개독들 수준^^ 내가 보기엔 신천지나 너네나 비슷해ㅋㅋㅋ 나은 척 하려고 하지마라
1300709576015192064,2020-09-01 08:18:23+00:00,"신천지 열 두 지파는 죽지 않고 살아서 영생한다. 신천지 밖의 너희여, 너희들은 어찌 살려느냐? 고생만 죽도록 하다가, 죄만 잔뜩 짓다가 지옥불로 가겠느냐? 아니면 무엇을 하려느냐? 아무런 소망도 희망도 없는 나날들을 어찌 보내려느냐? 신천지 말씀을 배워보지 않겠느냐?"
1300707227683098624,2020-09-01 08:09:03+00:00,"마통당은 이 정권 흔들려고 모든 수단 다 동원. 풀 파워.

1. 신천지
2. 전광훈 등 보수 교회
3. 검찰, 정치검찰
4. 보수언론
5. 일베, 머시기 연합
6. 사법부 정치판사
~ 무한대"
1300703552633843721,2020-09-01 07:54:27+00:00,나 레전드였던거 아직도 기억하고있는데ㅋㅋㅋㅋ 길가다 갑자기 나보고 연예인이냐고 물어봤던 사람 있었음ㅋㅋㅋㅋㅋㅋㅋㅋㅋㅋ개독교 신천지사이비 뭐 이런거 아니였고 그냥 순전히 연예인이냐고 묻던거였더라ㅋㅋㅋ
1300699816809226240,2020-09-01 07:39:36+00:00,코로나 아니였으면 씨발... 신천지 개잡년들...
1300695103485353984,2020-09-01 07:20:53+00:00,"ㄹ)
정치에 큰 관심이 없는 편인 아내가 어제 물어보더라

대통령 지지율은 이번 코로나 위기때 왜 올라가지?

- 잘 대처하니까 올라가지. 신천지때 기가막히게 대응했거든.

극복할 수 있다."
1300691323696021504,2020-09-01 07:05:51+00:00,"학교에 책반납하러가서 신천지한테 걸렸는데
그냥... 너무 좋은 언니여서 대학생활 조언 구하고 예수님말씀은 어.. 너무 갑작스럽네요..^^;;; 하고 다른얘기만 ㅈㄴ하고 왓음 어디 카페간것도 아니고 도서관 가는길 오는길에 함 ㅋㅋ ㅋㅋ
아놔 언니 ㅈㅅㅎㄴㄷ 님 목적은 달성하지못햇네요"
1300687083988631552,2020-09-01 06:49:01+00:00,ㅋㅋ진짜 개빡치네 시험 취소....아!!!!!!!!!!!!!!!!!!잘못은 신천지새끼들이 했는데 왜 피해는 제가 보나요
1300674062386040832,2020-09-01 05:57:16+00:00,"단체로 4기당해놓고 또 5기할 생각 하는 우리 봐...
이러니까 신천지에서 신도들이 못빠져나오는거아냐
이러니까도박이.. 도박신고는 국번없이 1336"
1300673455801552899,2020-09-01 05:54:51+00:00,해운대 온천센터 케이스도 그렇고 이번에 프로야구선수 케이스도 그렇고 뭐랄까 이 병이 안 옮으려면 또 기가 막히게 안 옮을 수도 있나본데 신천지 때나 다른 교회 때 보면 또 희한하게 잘 퍼지기도 하고...
1300671910066315264,2020-09-01 05:48:43+00:00,이번 사태 수습되면 다음에는 어디서 터지게 될까. 신천지-&gt;이태원-&gt;교회(집회)…..이 다음은 어디가 될까.
1300671165359251456,2020-09-01 05:45:45+00:00,"대1때 겪은 신천지썰

시내에서 어떤 사람이 캘리그라피로 액자 만들어준다고 접근함. 그 당시 순수했던 나는 아무것도 모르고 만들어달라고 부탁함. 의심없이 이름과 번호를 넘김. 

며칠후 완성됐다고 찾으러 오라는 연락이 옴. 룰루랄라 설레는 마음으로 받으러 감."
1300671157796925440,2020-09-01 05:45:43+00:00,"소아, 청소년, 성인, 고령층 대상으로 임상적 특성이나 경과등을 분석중으로 예정중…. 여성의 생애주기.. 이거는…. 신천지 환자들중에 젊은 여자가 많아서 그랬던거 아닌가 싶으다..."
1300664179263590400,2020-09-01 05:18:00+00:00,여성의 생애주기별 코로나19 감염에 대한 연구….. 그러게…. 아마 신천지 신자중 대다수가 젊은 여자들이라그런거 같다..
1300655119285981186,2020-09-01 04:42:00+00:00,"코로나19의 확산책임은 신천지도 아니고, 사랑제일교회도 아니고, 광화문집회도 아니고, 중국으로 부터 코로나가 들어 올 수 있게 제일 먼저 문을 열어 준 넘에게 있다."
1300654543458521088,2020-09-01 04:39:42+00:00,신천지든 이태원 클럽이든 교회든 다들 잘못했지 뭘 얘가 더 나쁘네 비교하는거야? 다 나빠. 굳이 비교한다면 방역방침 귓등으로 듣고 일부러 어기고 게다가 거짓말하는 그 모두가 다 잘못했지. 경로숨기는 것들은 최악이고.
1300652387296636929,2020-09-01 04:31:08+00:00,교회는 계속 나오는구만 신천지보다 더 징하다 징ㅅ내
1300638909781610498,2020-09-01 03:37:35+00:00,"신천지는 쥐잡듯이 잡으면서
비판하는 네티즌은 고소고발 남발하면서
그 잘난 정의는
개독과 검찰과 언론과 의료계에는 작동을 안한다
이게 무슨 
찢털똥들아 안그러냐?&gt;"
1300638199203524608,2020-09-01 03:34:46+00:00,"코로나 이후 조저야할 목록

개신교
-개신교로 위장한 신천지같은 사이비들

현 시국을 인질로 잡고있는 의협
-한의협 이새끼들도 초기에 숟가락 얹으려 든 무쓸모 새끼들임. 바이러스는 한의학 니들 분야 아니니깐 쓸모없는 생약처방이나 하라고."
1300634906041618433,2020-09-01 03:21:40+00:00,"몇몇 선량한 목사를 방패로 일부의 문제로 돌리는것도 지긋지긋함.

개신교를 조지면 개신교의 탈을 쓰고 활동하는 신천지같은 사이비들을 조지기도 쉬워진다는 장점도 있고 조저버려야함."
1300632405422686208,2020-09-01 03:11:44+00:00,사탄제일교회 전광훈이랑 그 미친 신도들땜에 하다하다 신천지를 재평가하게 될 줄이야;;;
1300632066468401154,2020-09-01 03:10:23+00:00,"어제부터 신천지 탈퇴자가 하는 유튜브 좀 봤는데
정말 무서울 정도로 범죄자 집단 같음;;
세뇌 기본에 연락 안되면 가족들 미행하고 집 앞에서 교대로 24시간 잠복하고;; 신천지에서 미리 신변보호 요청서 작성하게도 하고... 
이게 무슨 종교야ㅋㅋㅋㅋㅋㅋ"
1300630570460872705,2020-09-01 03:04:27+00:00,"신천지만도 못한 개독
이 말에 대해 반박할 수 있어???"
1300621866499940354,2020-09-01 02:29:52+00:00,"문가 정권! 문빠, 대깨문들!
코로나 초기에 확산되자 국민들이 중국인 왜 막는냐고 하면 신천지로 몰아세우더니 이번 코로나 확산 원인에 대해서는  광화문집회(문재인 퇴진집회)사랑 제일교회와 전굉훈 목사로 몰아 세우더니 또한 의료진 파업에 대해서는 의료협회장을 제2의 전광훈 이라고 몰아세움!"
1300621169637249025,2020-09-01 02:27:05+00:00,"코로나 확진자 누적 2만명.
3번의 위기.

1) 신천지
2) 이태원 클러버
3) 개신교와 태극기 부대의 콜라보

그 피해는 고스란히 하루를 열심히 살아가는 시민들, 학교에 가야 하는 아이들.
 
#힘내라대한민국 
#힘내세요나의대통령"
1300620030665609217,2020-09-01 02:22:34+00:00,"대가리 텅텅 비어서 굳이 대면예배 강행하는 멍청한 목사놈들이나 그런 교회 기어가는 신도들이나 하나님이랑 예수님이 실제로 계시다면 복장터져 한번 더 돌아가실거 같어.
누구를 위한 대면예배강행인지? 인간의 이기심아냐? 이런 교회들이 신천지사태때랑 다를게 뭐야? 싹 다 죽었으면🙏"
1300618482849968128,2020-09-01 02:16:25+00:00,글도 못쳐읽고 우리애들도 기부했어요 ㅇㅈㄹ하는새끼들이 저렇게 몰려다니면서 이상한 사상 전파시키는데 신천지가 아니면 뭐임
1300609282547748864,2020-09-01 01:39:51+00:00,"개신교쪽의 용기없는 자세를 보면 우습다.신천지가 그정도로 수십만 불어나는 동안, 가만히 입과 손가락으로 비난질만 하더니, 만만한 개혁정부에 대해서 교회 망신 다 시키며 욕질 데모질 색깔페인트질, (알았든 몰랐든)이단들과 함께 광화문에서 감염병퍼트리기 한 목사들을 방치하고 점잖케 인내"
1300608024025812997,2020-09-01 01:34:51+00:00,ㄹㅇ 신천지 같음 ㅋㅋㅋㅋㅋㅋㅋㅋㅋㅋㅋㅋㅋㅋㅋㅋㅋㅋㅋㅋㅋㅋㅋㅋㅋㅋㅋㅋㅋㅋㅋㅋㅋㅋㅋ
1300607044555210752,2020-09-01 01:30:58+00:00,사랑제일교회놈들~광화문집회참석자 왜 검사를 안받고 숨기나....지놈들은....애국자라면서 ..공산주의 독재에 맞서 싸운다면서..떳떳히...밝혀라....왜거짓말을하나.. .병신새끼들...신천지보다 훨씬더 악랄하고 비열하고 비정상적인...싸이코들.......
1300604869858877441,2020-09-01 01:22:19+00:00,"밑통닭은 신천지당에서 사랑제일교회로 옮겨간 느낌인데 그냥 사랑제일교회당으로 하지, 그게 더 자연스럽구만 뭔 얼어죽을 국민의힘이야 국민의 힘만 빼는것들이!"
1300603512997380096,2020-09-01 01:16:56+00:00,신천지야 미안하다. 더 이단인 사이비가 주위에 너무 많다.
1300592654770606081,2020-09-01 00:33:47+00:00,신천지가 대단하긴 했던것 같은게 오늘자 발생현황 누적을 보니 아직도 대구가 가장 많음.
1300591318335238144,2020-09-01 00:28:28+00:00,"사이비라는 말이 싫은거에요? 사이비, 완전 사이비. 세계제일 사이비. 거짓말쟁이. 구라뻥쟁이. 공방에 데려가준다고 했던것도 구라였죠? 그 정체를 알 수 없는 사이비 종교에 데려갈 생각이었던거였죠? 마치 신천지 처럼?"
1300585311743873025,2020-09-01 00:04:36+00:00,신천짘ㅋㄱㅋㄱㄱㅁㄱㅋㄱㅋㄱㅋㄱㅋㅋㄱㄱㅋㄱㅋㄱㄱㅁㄱㄴㄱㅋㄱㅋㄱㅋㄱㅋㅋㅋㅋ
